,cluster_0,cluster_1,cluster_2
cellularity_Average,0.0030815932635328393,0.0046327884811637144,0.004046589433284884
cellularity_Median,0.003732588681470627,0.0028869460897388275,0.004924594539836571
cellularity_Inter_Quartile_Range,0.004678359894154206,0.0014682420246460626,0.003909566963652518
cellularity_Robust_Skewness,0.0028287596821058784,0.01599993829723076,0.004318374986867868
cellularity_Robust_Kurtosis,0.0036614691253799604,0.00532009205174823,0.008026771915320152
cell_voronoi_area_Average,0.004524214744685801,0.005467887020709364,0.0020574573136368656
cell_voronoi_area_Median,0.003274195927077445,0.0004967430686415845,0.004848971185734539
cell_voronoi_area_Inter_Quartile_Range,0.004856791474272803,0.005570188439132195,0.022722645093809373
cell_voronoi_area_Robust_Skewness,0.005154005414876848,0.0048630040518739225,0.00532576659217322
cell_voronoi_area_Robust_Kurtosis,0.007646676902249691,0.01421115398903036,0.01551252755650738
cytoplasm_background_intensity_mean_Average,0.0027448556959777403,0.004122028616931791,0.0025979408426443167
cytoplasm_background_intensity_mean_Median,0.002630876812878919,0.0018348304830126771,0.0022438349106969303
cytoplasm_background_intensity_mean_Inter_Quartile_Range,0.003758228998246669,0.005498296776878209,0.002738367908475472
cytoplasm_background_intensity_mean_Robust_Skewness,0.003609193660781312,0.005106111741855227,0.001974912801698966
cytoplasm_background_intensity_mean_Robust_Kurtosis,0.004956240982097531,0.0023476468820182255,0.005850382492302055
cytoplasm_background_intensity_sd_Average,0.0020338066607335343,0.001111278266092542,0.004566798112904215
cytoplasm_background_intensity_sd_Median,0.002385666288625862,0.004857234830838683,0.0035377600739878562
cytoplasm_background_intensity_sd_Inter_Quartile_Range,0.005484322360629743,0.0066130081238561945,0.0037853317723648343
cytoplasm_background_intensity_sd_Robust_Skewness,0.004233079613288849,0.00030390349498716563,0.0036400229549945783
cytoplasm_background_intensity_sd_Robust_Kurtosis,0.0029877776695976955,0.005951010940635065,0.003518368408078851
cytoplasm_contrast_mean_Average,0.002193507228475655,0.0012116027828482081,0.007724277790511645
cytoplasm_contrast_mean_Median,0.0030352666611231536,0.0017343348286600125,0.00812151999509951
cytoplasm_contrast_mean_Inter_Quartile_Range,0.0028555550914733095,0.0034520225662663918,0.004084332808156188
cytoplasm_contrast_mean_Robust_Skewness,0.004120463130326438,0.005217178727322668,0.006622246046201435
cytoplasm_contrast_mean_Robust_Kurtosis,0.0023346640619376956,0.005587819350052179,0.005892508991188028
cytoplasm_gradient_mean_Average,0.0028041908776062843,0.0032786856840751953,0.0018692703959885377
cytoplasm_gradient_mean_Median,0.0027041174163122605,0.004170921238590637,0.004440196195963543
cytoplasm_gradient_mean_Inter_Quartile_Range,0.005250753531228342,0.009831283275766808,0.0033608680869592986
cytoplasm_gradient_mean_Robust_Skewness,0.006058471497938104,0.0025516352357719714,0.005687029805800194
cytoplasm_gradient_mean_Robust_Kurtosis,0.008733116355757457,0.005307143519653366,0.0035154038940410815
cytoplasm_gradient_sd_Average,0.002174600043995172,0.003113573161506471,0.002453280398147089
cytoplasm_gradient_sd_Median,0.0020955970189849224,0.002023660819951656,0.004030606442128378
cytoplasm_gradient_sd_Inter_Quartile_Range,0.00994936902910183,0.004356223731977322,0.002644994204120446
cytoplasm_gradient_sd_Robust_Skewness,0.003444456073585788,0.002580117388189938,0.004607845605842872
cytoplasm_gradient_sd_Robust_Kurtosis,0.0075716772570974195,0.0030151576970461023,0.006242214938967458
cytoplasm_intensity_mean_Average,0.0037096182150941556,0.0009867264140091183,0.0037525362792294095
cytoplasm_intensity_mean_Median,0.0034633998916195558,0.002597391167129591,0.00031715361402793937
cytoplasm_intensity_mean_Inter_Quartile_Range,0.0030685889399450304,0.00440371462848549,0.0013472332915847498
cytoplasm_intensity_mean_Robust_Skewness,0.004249047966918925,0.006368944385871521,0.004764229368119899
cytoplasm_intensity_mean_Robust_Kurtosis,0.004565036290866062,0.004449131988205354,0.002726824889616754
cytoplasm_intensity_sd_Average,0.0019891825278818345,0.00454777235363565,0.0020121970519069443
cytoplasm_intensity_sd_Median,0.00165268928463901,0.006723149259216026,0.0009102682019249866
cytoplasm_intensity_sd_Inter_Quartile_Range,0.003630729257258129,0.003642519585617988,0.0035719305531262064
cytoplasm_intensity_sd_Robust_Skewness,0.0035939047473511013,0.007027691104337919,0.001364038676154703
cytoplasm_intensity_sd_Robust_Kurtosis,0.0034363602453430318,0.001898951802125094,0.005281403083746861
cytoplasm_intensity_total_Average,0.005243218525376728,0.007647888368102227,0.00241507052547997
cytoplasm_intensity_total_Median,0.0036031893303833554,0.0020601672461606642,0.0027449750309004105
cytoplasm_intensity_total_Inter_Quartile_Range,0.004224924971904061,0.00898664178916453,0.001794934610761589
cytoplasm_intensity_total_Robust_Skewness,0.004678224380836716,0.003949868277714889,0.0036122723762187265
cytoplasm_intensity_total_Robust_Kurtosis,0.01348308733379786,0.005555257003532921,0.0074296864569285935
edge_length_Average,0.0033230749889686085,0.005033723784187627,0.0020427370732292497
edge_length_Median,0.0032557337198993613,0.004899467886201267,0.005361076366466179
edge_length_Inter_Quartile_Range,0.00436167893623284,0.0024929800935099508,0.005132159224975444
edge_length_Robust_Skewness,0.004193268751025228,0.007761890015384913,0.021231253396846343
edge_length_Robust_Kurtosis,0.004413516534505792,0.0030364758565076333,0.009227590526119408
nucleus_area_Average,0.003057049776146915,0.003182356901203357,0.00276106058078996
nucleus_area_Median,0.0022724689665653266,0.0020986268576082354,0.0021187968706550073
nucleus_area_Inter_Quartile_Range,0.004803752981088771,0.0034151846320598545,0.003015346471254737
nucleus_area_Robust_Skewness,0.010212214387150625,0.003141844989730063,0.008265697932816993
nucleus_area_Robust_Kurtosis,0.007272481799967167,0.0013217009779179422,0.01035311164332851
nucleus_aspect_ratio_Average,0.0030586847571631905,0.011936841274894099,0.003673374178333714
nucleus_aspect_ratio_Median,0.001488023018328358,0.0035928056341211286,0.00339377528120216
nucleus_aspect_ratio_Inter_Quartile_Range,0.007130476188329285,0.006068782680636503,0.004182968314676073
nucleus_aspect_ratio_Robust_Skewness,0.003492019203550316,0.0035600518711138497,0.006168647876124061
nucleus_aspect_ratio_Robust_Kurtosis,0.004105882419457719,0.012683166408980411,0.005892972018755054
nucleus_background_intensity_mean_Average,0.003620788848446633,0.0016725360371229881,0.001828624141628366
nucleus_background_intensity_mean_Median,0.0030900271936489605,0.0027735225224114453,0.004025657404534548
nucleus_background_intensity_mean_Inter_Quartile_Range,0.0033418693264949196,0.0053159450866630395,0.004231626090984684
nucleus_background_intensity_mean_Robust_Skewness,0.0030966514336881372,0.0022454978183684884,0.003698965308835496
nucleus_background_intensity_mean_Robust_Kurtosis,0.0046322662272223454,0.004704963754441047,0.0034293866357702264
nucleus_background_intensity_sd_Average,0.0021901179724500247,0.004436629259295435,0.005206479294126225
nucleus_background_intensity_sd_Median,0.0022665366647126907,0.003871454091864045,0.0026036363832882383
nucleus_background_intensity_sd_Inter_Quartile_Range,0.0025149940610139955,0.0072733007293791195,0.0051026925862156566
nucleus_background_intensity_sd_Robust_Skewness,0.0034026451065283987,0.00021903744846987267,0.00583587235167189
nucleus_background_intensity_sd_Robust_Kurtosis,0.004344033663255052,0.006346881757517285,0.0031257063148320352
nucleus_bending_energy_s1_mean_Average,0.0030506735173353766,0.0004219765016159192,0.0017729415650356074
nucleus_bending_energy_s1_mean_Median,0.0029983213965716726,0.004468198764599485,0.0028760581027080013
nucleus_bending_energy_s1_mean_Inter_Quartile_Range,0.004895442680030638,0.002144830490610453,0.0056178174352598375
nucleus_bending_energy_s1_mean_Robust_Skewness,0.006310225835102799,0.009900465694989743,0.007137163388305262
nucleus_bending_energy_s1_mean_Robust_Kurtosis,0.006926596521763272,0.002728072293035736,0.006559659964803431
nucleus_contrast_mean_Average,0.003200719207687002,0.003327726586349309,0.0040832251184325374
nucleus_contrast_mean_Median,0.003980360309999558,0.0027070227485312855,0.002367093847263841
nucleus_contrast_mean_Inter_Quartile_Range,0.0034256451099358336,0.004756629190939874,0.005344008645670143
nucleus_contrast_mean_Robust_Skewness,0.00339792472981969,0.002374122183460592,0.0061437326524339
nucleus_contrast_mean_Robust_Kurtosis,0.0026851261247988496,0.003906324357653237,0.004272537089459866
nucleus_curvature_s1_sd_Average,0.003601196486083771,0.0032460687178943446,0.0038124569664098706
nucleus_curvature_s1_sd_Median,0.003009024941416832,0.002572301423568913,0.003198357281471732
nucleus_curvature_s1_sd_Inter_Quartile_Range,0.002584093994597994,0.004714177391243677,0.003946832361719301
nucleus_curvature_s1_sd_Robust_Skewness,0.002695775253350553,0.0025190515288955762,0.0023346538840258576
nucleus_curvature_s1_sd_Robust_Kurtosis,0.0039828069186372585,0.003329654607491477,0.003684330177333421
nucleus_deviation_from_polygon_convexity_Average,0.00274526633908507,0.006361165585676809,0.0017578030523025612
nucleus_deviation_from_polygon_convexity_Median,0.0,0.0,0.0
nucleus_deviation_from_polygon_convexity_Inter_Quartile_Range,0.0,0.0,0.0
nucleus_deviation_from_polygon_convexity_Robust_Kurtosis,0.0,0.0,0.0
nucleus_gradient_mean_Average,0.0033995699520044144,0.0018838354581277542,0.001789508935524184
nucleus_gradient_mean_Median,0.0028121310013784076,0.0016745706307106836,0.00014937508853469616
nucleus_gradient_mean_Inter_Quartile_Range,0.005210569100950628,0.0036611605454145634,0.0031222983615412842
nucleus_gradient_mean_Robust_Skewness,0.0032939518040623074,0.001443348736627583,0.0019545971630736177
nucleus_gradient_mean_Robust_Kurtosis,0.013621292271065342,0.009488856472135258,0.008296049752319883
nucleus_gradient_sd_Average,0.002803372151461646,0.004253503590188007,0.003463114748666142
nucleus_gradient_sd_Median,0.0021919937511562996,0.0011259154690680606,0.002547475158302795
nucleus_gradient_sd_Inter_Quartile_Range,0.005799736343388777,0.004539508021482408,0.005993241584175627
nucleus_gradient_sd_Robust_Skewness,0.0027677552191855827,0.0005459579903226709,0.004675230610358023
nucleus_gradient_sd_Robust_Kurtosis,0.006575961799372978,0.012169318905991927,0.003973233052992445
nucleus_intensity_mean_Average,0.0036285690960820606,0.0015262707782766395,0.003862876927548299
nucleus_intensity_mean_Median,0.003951274357410274,0.0012965853315340201,0.0023391539009193847
nucleus_intensity_mean_Inter_Quartile_Range,0.002790901723363367,0.0028471899533139434,0.0018269305682302433
nucleus_intensity_mean_Robust_Skewness,0.005789559566145107,0.002900481140360285,0.012705448640303074
nucleus_intensity_mean_Robust_Kurtosis,0.004515537390387048,0.008506635730356062,0.005576452341508371
nucleus_intensity_sd_Average,0.0022376246270781625,0.0009717439389589272,0.0023381550769384345
nucleus_intensity_sd_Median,0.0014803672842657375,0.002462085649329203,0.00208459611662963
nucleus_intensity_sd_Inter_Quartile_Range,0.002810714868724354,0.0032696633178360647,0.001872580446161149
nucleus_intensity_sd_Robust_Skewness,0.007697629923601626,0.007105054267784528,0.004570514550294107
nucleus_intensity_sd_Robust_Kurtosis,0.0032423108274711007,0.0038331004596920525,0.0040932311697206465
nucleus_intensity_total_Average,0.0058622007924805175,0.0051482624425714385,0.002672377219027195
nucleus_intensity_total_Median,0.005068140739611459,0.0013134207867415881,0.004957638937467615
nucleus_intensity_total_Inter_Quartile_Range,0.007610119997373318,0.0018113728448230235,0.0019583746049788324
nucleus_intensity_total_Robust_Skewness,0.003471457038641496,0.009314287997023763,0.006300070719674681
nucleus_intensity_total_Robust_Kurtosis,0.003189274898232838,0.0021003146963196407,0.009865691007219048
nucleus_major_axis_Average,0.0021927652635233873,0.0025903108991235206,0.0016115427873663595
nucleus_major_axis_Median,0.0008371979076173588,0.0013930292409754417,0.00048056285701236957
nucleus_major_axis_Inter_Quartile_Range,0.0009945099032722072,0.0013084027019484962,0.0006690417263306135
nucleus_major_axis_Robust_Skewness,0.001591522894474178,0.0008784532139271675,0.0015105471306721256
nucleus_major_axis_Robust_Kurtosis,0.0033091431216106214,0.003906773572144234,0.009036765067470795
nucleus_max_curvature_s1_Average,0.003946776143489232,0.005444759192399966,0.0017237018162334838
nucleus_max_curvature_s1_Median,0.0038297287621902832,0.004115561866298457,0.0004952330185731002
nucleus_max_curvature_s1_Inter_Quartile_Range,0.0025783079848614742,0.004522952166610583,0.0038790324728999732
nucleus_max_curvature_s1_Robust_Skewness,0.003527278960057963,0.0031190138349774686,0.0018265058639358666
nucleus_max_curvature_s1_Robust_Kurtosis,0.0029146466866774886,0.0042199240952065994,0.005046980116324202
nucleus_minor_axis_Average,0.002646779385206226,0.0021187538348804687,0.0043826617382100586
nucleus_minor_axis_Median,0.00035364672679827645,0.0008007216368454964,0.0011995380404682674
nucleus_minor_axis_Inter_Quartile_Range,0.001158346342966504,0.0014649718570569625,0.0012791124768840839
nucleus_minor_axis_Robust_Skewness,0.001057648244979408,0.0008506169759687769,0.005807168619840052
nucleus_minor_axis_Robust_Kurtosis,0.0035904598508622403,0.0021759028741981422,0.0023062971893531474
nucleus_orientation_Average,0.007018882148150495,0.0037623836713359914,0.005334164938595359
nucleus_orientation_Median,0.006380929275271077,0.0034606167646913655,0.005809209504647004
nucleus_orientation_Inter_Quartile_Range,0.007778509117699851,0.008405262718381566,0.005901275454121184
nucleus_orientation_Robust_Skewness,0.007163703561829332,0.008305125504400202,0.004062551083292877
nucleus_orientation_Robust_Kurtosis,0.004671545852646514,0.005048839384713868,0.005113285943429267
nucleus_perimeter_Average,0.002324789592387019,0.004918643830705603,0.0009655890010715158
nucleus_perimeter_Median,0.0008608620001209883,0.0001299335906463815,0.0013475409550102267
nucleus_perimeter_Inter_Quartile_Range,0.0016117218565378847,0.002075211897491877,0.002042882168920314
nucleus_perimeter_Robust_Skewness,0.0018323961481764705,0.002692333565785051,0.00106829472120729
nucleus_perimeter_Robust_Kurtosis,0.004881872443655868,0.002210529491545226,0.0020025863341420467
nucleus_texture_feature_0_mean_Average,0.002155184218413837,0.0008502588463793183,0.0006988587087799685
nucleus_texture_feature_0_mean_Median,0.0020962199255806576,0.0009265786096634742,0.003595217202362063
nucleus_texture_feature_0_mean_Inter_Quartile_Range,0.0026607538124984124,0.002269395682217854,0.002423773907468818
nucleus_texture_feature_0_mean_Robust_Skewness,0.0032121353720065905,0.006809870083427713,0.0023034416857627043
nucleus_texture_feature_0_mean_Robust_Kurtosis,0.004218947187850322,0.005727491300271764,0.0038915703728650154
nucleus_texture_feature_0_sd_Average,0.002002074953276808,0.00013917832744190538,0.0017319307067757417
nucleus_texture_feature_0_sd_Median,0.0018482142359807488,0.002012912329363766,0.0021127959689647047
nucleus_texture_feature_0_sd_Inter_Quartile_Range,0.005703412986887869,0.004313020097260055,0.005320237404539117
nucleus_texture_feature_0_sd_Robust_Skewness,0.0038188870177767336,0.005979771008218261,0.006463328238162853
nucleus_texture_feature_0_sd_Robust_Kurtosis,0.005387986625077989,0.008794154003576509,0.00299530526105309
nucleus_texture_feature_10_mean_Average,0.0022356449815961418,0.00021609142760877303,0.001934134293116973
nucleus_texture_feature_10_mean_Median,0.002600966527405709,0.002141623139924482,0.0013047363162999603
nucleus_texture_feature_10_mean_Inter_Quartile_Range,0.004224861418703976,0.0008291423450887772,0.0011641679855880344
nucleus_texture_feature_10_mean_Robust_Skewness,0.0032095087546813996,0.013168523272035828,0.0008514906976791138
nucleus_texture_feature_10_mean_Robust_Kurtosis,0.0035492776046434976,0.00774793032381187,0.006577449734262233
nucleus_texture_feature_10_sd_Average,0.0026432470500181303,0.0009383103902827563,0.0009712402972145072
nucleus_texture_feature_10_sd_Median,0.0022177049738311156,0.0,0.002306201850877704
nucleus_texture_feature_10_sd_Inter_Quartile_Range,0.0060571168469997615,0.0021876678160969803,0.0006424673448667422
nucleus_texture_feature_10_sd_Robust_Skewness,0.0031670672000163494,0.009938361144066165,0.001988020239637746
nucleus_texture_feature_10_sd_Robust_Kurtosis,0.0025814383603897585,0.005509565882004185,0.006296443125972686
nucleus_texture_feature_11_mean_Average,0.0023626997765218262,0.0013199802015848828,0.0018766049947059958
nucleus_texture_feature_11_mean_Median,0.0021305599000721663,0.0025849170282420354,0.0033853454051649707
nucleus_texture_feature_11_mean_Inter_Quartile_Range,0.003813360609180027,0.0021035583909855306,0.0034500086402407216
nucleus_texture_feature_11_mean_Robust_Skewness,0.005398805291775389,0.0025240089674454414,0.0052065533051105905
nucleus_texture_feature_11_mean_Robust_Kurtosis,0.0046689482587175144,0.003598033231766892,0.0019845720114953238
nucleus_texture_feature_11_sd_Average,0.0024421843579877827,0.0015052243271279312,0.0031878882639074816
nucleus_texture_feature_11_sd_Median,0.002940690799430451,0.0015209527896177257,0.0023461895411789886
nucleus_texture_feature_11_sd_Inter_Quartile_Range,0.004937477048479704,0.002123842110035118,0.0018410254007385823
nucleus_texture_feature_11_sd_Robust_Skewness,0.004459549188629146,0.0160717774285253,0.005617058563386005
nucleus_texture_feature_11_sd_Robust_Kurtosis,0.004004783864930256,0.007600084785716098,0.0071126521241247674
nucleus_texture_feature_1_mean_Average,0.0022653392603291015,0.002614616191584723,0.0030935542084076866
nucleus_texture_feature_1_mean_Median,0.0019012433753618277,0.002423333163024824,0.0023573843314929534
nucleus_texture_feature_1_mean_Inter_Quartile_Range,0.003986629100434013,0.001840069190910341,0.001376654512002143
nucleus_texture_feature_1_mean_Robust_Skewness,0.0027959402886836284,0.0009881499342868699,0.0033260604686757506
nucleus_texture_feature_1_mean_Robust_Kurtosis,0.004868630535631332,0.005736424884923272,0.006016277396068921
nucleus_texture_feature_1_sd_Average,0.002328577715185609,0.0024600704358928283,0.0022232864887952093
nucleus_texture_feature_1_sd_Median,0.0019238473185669272,0.0022270609417655296,0.0022804130827670946
nucleus_texture_feature_1_sd_Inter_Quartile_Range,0.005378302573523835,0.003005763834575545,0.003562551228313019
nucleus_texture_feature_1_sd_Robust_Skewness,0.004260162837828449,0.00481653178217476,0.0023596555917979583
nucleus_texture_feature_1_sd_Robust_Kurtosis,0.0038891057100762304,0.007704349979116378,0.005846687221629807
nucleus_texture_feature_2_mean_Average,0.0026011675507960157,0.0015317109931521438,0.0024354699351003205
nucleus_texture_feature_2_mean_Median,0.0022586002309335816,0.00023929304048557473,0.0038297424001820907
nucleus_texture_feature_2_mean_Inter_Quartile_Range,0.002667048217212412,0.006305794363951506,0.004523105267595779
nucleus_texture_feature_2_mean_Robust_Skewness,0.005103639049193701,0.007818108712171777,0.001756235196873923
nucleus_texture_feature_2_mean_Robust_Kurtosis,0.0036266412071006894,0.004889693699486988,0.005539204368799334
nucleus_texture_feature_2_sd_Average,0.0020317234461027056,0.0008500012492442265,0.0016608503531404814
nucleus_texture_feature_2_sd_Median,0.0016248355333051403,0.0018892088786284895,0.000403595160772066
nucleus_texture_feature_2_sd_Inter_Quartile_Range,0.004680809340200503,0.001341083678706817,0.0030426176333922107
nucleus_texture_feature_2_sd_Robust_Skewness,0.003783720609899304,0.003060020045480863,0.002874842745914507
nucleus_texture_feature_2_sd_Robust_Kurtosis,0.0035937396940200024,0.010494560577027984,0.00345150822279417
nucleus_texture_feature_3_mean_Average,0.0025631268557557425,8.676481046867222e-05,0.0026386936335782494
nucleus_texture_feature_3_mean_Median,0.0027287025672051855,0.000123521522117822,0.0033770920741169963
nucleus_texture_feature_3_mean_Inter_Quartile_Range,0.002867732871738774,0.008277729402845756,0.004665303635511872
nucleus_texture_feature_3_mean_Robust_Skewness,0.003590988016904727,0.007217570561273282,0.0014733001524944833
nucleus_texture_feature_3_mean_Robust_Kurtosis,0.0046402802596643205,0.0017662087952816546,0.004591134924961089
nucleus_texture_feature_3_sd_Average,0.0023957247873035658,0.0022437500800477016,0.0033104265193050334
nucleus_texture_feature_3_sd_Median,0.0021855129000436786,0.0023576908759191362,0.0025115708998695264
nucleus_texture_feature_3_sd_Inter_Quartile_Range,0.0033642680244019034,0.004556682891575073,0.006867753857890517
nucleus_texture_feature_3_sd_Robust_Skewness,0.005139630125156372,0.0020329916880083903,0.0019562944951301694
nucleus_texture_feature_3_sd_Robust_Kurtosis,0.0033052411231573454,0.0050655580815580515,0.003721213143560904
nucleus_texture_feature_4_mean_Average,0.0026292660185581974,0.0007416882865313563,0.0014504156545249419
nucleus_texture_feature_4_mean_Median,0.0030605370114882035,0.0003922356629023832,0.00023336082888411594
nucleus_texture_feature_4_mean_Inter_Quartile_Range,0.0023118725194721922,0.0022535004144590264,0.0017757136214368258
nucleus_texture_feature_4_mean_Robust_Skewness,0.003760842901549992,0.005603422790428195,0.002181464531547598
nucleus_texture_feature_4_mean_Robust_Kurtosis,0.0038534514837244554,0.005697290308520987,0.005348312579821261
nucleus_texture_feature_4_sd_Average,0.00221218284355684,0.0008802811208423957,0.0006016577641788381
nucleus_texture_feature_4_sd_Median,0.002446475521203047,0.001827558260204577,0.0006762675211696718
nucleus_texture_feature_4_sd_Inter_Quartile_Range,0.0028253095036852812,0.0038118045314358136,0.0033932238863763533
nucleus_texture_feature_4_sd_Robust_Skewness,0.0045489680109549084,0.0013706940270311648,0.0066375305052020425
nucleus_texture_feature_4_sd_Robust_Kurtosis,0.003172982233794864,0.004661915985696127,0.005711699573291755
nucleus_texture_feature_5_mean_Average,0.0016879870388715522,0.0023186887873447707,0.0005318891550391274
nucleus_texture_feature_5_mean_Median,0.0018475127401732586,0.002816437934849619,0.0035563313458723783
nucleus_texture_feature_5_mean_Inter_Quartile_Range,0.0024239305106482584,0.0020973586438014264,0.001920987517485974
nucleus_texture_feature_5_mean_Robust_Skewness,0.006723930935096106,0.004714102422421684,0.007262850554385189
nucleus_texture_feature_5_mean_Robust_Kurtosis,0.005180715120177687,0.002656109939506503,0.0023972802733133554
nucleus_texture_feature_5_sd_Average,0.0025487900231009335,0.002499397934448567,0.0011866753813278255
nucleus_texture_feature_5_sd_Median,0.0033829251218425614,0.0029310302160433675,0.004634950300611289
nucleus_texture_feature_5_sd_Inter_Quartile_Range,0.0025941414925158036,0.00124745231837062,0.0029516934556460127
nucleus_texture_feature_5_sd_Robust_Skewness,0.009197414509336001,0.004106668318679045,0.00393732044954618
nucleus_texture_feature_5_sd_Robust_Kurtosis,0.003973023668898934,0.004043470485770329,0.0018230749619646187
nucleus_texture_feature_6_mean_Average,0.0022730709861978242,0.001285752656526421,0.004902061209239673
nucleus_texture_feature_6_mean_Median,0.002404355502320045,8.891804234539561e-05,0.0033834468941142757
nucleus_texture_feature_6_mean_Inter_Quartile_Range,0.0027921124523586586,0.0011137584732144193,0.0032276254882276393
nucleus_texture_feature_6_mean_Robust_Skewness,0.0034219503097224135,0.00789197140634288,0.003185925541850481
nucleus_texture_feature_6_mean_Robust_Kurtosis,0.005133013216374006,0.003281079270461274,0.0017141295915920828
nucleus_texture_feature_6_sd_Average,0.0019076694422800065,0.00222354392099505,0.0045212057308316985
nucleus_texture_feature_6_sd_Median,0.0017763736744723685,0.0033784633433301746,0.003692453800536463
nucleus_texture_feature_6_sd_Inter_Quartile_Range,0.002456431605384198,0.004083158926474318,0.0024334264337343313
nucleus_texture_feature_6_sd_Robust_Skewness,0.0032389388397168636,0.001778468585554735,0.003003527658484196
nucleus_texture_feature_6_sd_Robust_Kurtosis,0.004877829275299714,0.001526191665012688,0.002159430661034716
nucleus_texture_feature_7_mean_Average,0.002180780793233839,0.00025531204482491326,0.001467952026915839
nucleus_texture_feature_7_mean_Median,0.002210097444494055,0.004239667336226857,0.0019269101382083623
nucleus_texture_feature_7_mean_Inter_Quartile_Range,0.0021237480219276268,0.002953846323464848,0.0018515403866469582
nucleus_texture_feature_7_mean_Robust_Skewness,0.008007313112518774,0.001830847324372422,0.004120581792317241
nucleus_texture_feature_7_mean_Robust_Kurtosis,0.004767505041008107,0.0029110150982323175,0.0028793602478837826
nucleus_texture_feature_7_sd_Average,0.0020167326529996073,0.002650517170789166,0.003165391613823361
nucleus_texture_feature_7_sd_Median,0.0017451050072461224,0.00014384547390689764,0.002449537706509382
nucleus_texture_feature_7_sd_Inter_Quartile_Range,0.002700821286716359,0.0009801409323686513,0.0007344263903097017
nucleus_texture_feature_7_sd_Robust_Skewness,0.008338966637075909,0.004189817626939333,0.006782265258882251
nucleus_texture_feature_7_sd_Robust_Kurtosis,0.0032976788401983628,0.004257526782479305,0.0038207143388856125
nucleus_texture_feature_8_mean_Average,0.003791246067082703,0.001630512625724691,0.0009198990287902606
nucleus_texture_feature_8_mean_Median,0.003737485122744669,0.0017937058752729206,0.0018427912157587874
nucleus_texture_feature_8_mean_Inter_Quartile_Range,0.0038302143916173225,0.00146908041214601,0.004240216644441535
nucleus_texture_feature_8_mean_Robust_Skewness,0.0032257436827103627,0.003288602497380797,0.0030581103837734065
nucleus_texture_feature_8_mean_Robust_Kurtosis,0.0036369135113280136,0.004297164355040587,0.004236373276223085
nucleus_texture_feature_8_sd_Average,0.004378614966153833,0.002031148827453562,0.004173615821583863
nucleus_texture_feature_8_sd_Median,0.004366494444053738,0.0,0.0036239416832010447
nucleus_texture_feature_8_sd_Inter_Quartile_Range,0.004498357356895488,0.002278503836104151,0.0017836607331644858
nucleus_texture_feature_8_sd_Robust_Skewness,0.003095420213223778,0.006989543048668937,0.0017282445153454446
nucleus_texture_feature_8_sd_Robust_Kurtosis,0.004051797210190994,0.008309983850269044,0.0025148514309854346
nucleus_texture_feature_9_mean_Average,0.0027233454021568138,0.0012576532565997571,0.0037806072346224856
nucleus_texture_feature_9_mean_Median,0.0031729299165952195,0.003038786397914974,0.004137373121640242
nucleus_texture_feature_9_mean_Inter_Quartile_Range,0.0044307715128679235,0.0016023107098031848,0.004964833626169506
nucleus_texture_feature_9_mean_Robust_Skewness,0.003644221767296706,0.007431177580011074,0.003084873003572698
nucleus_texture_feature_9_mean_Robust_Kurtosis,0.003468495535078909,0.007033379997827643,0.0017725553194289896
nucleus_texture_feature_9_sd_Average,0.0038394408191077993,0.0019443202469792765,0.0029662898856731546
nucleus_texture_feature_9_sd_Median,0.003581739457021148,0.0018703165419355606,0.005492076414432373
nucleus_texture_feature_9_sd_Inter_Quartile_Range,0.0038502418140068774,0.0022454688286267883,0.003565388725114577
nucleus_texture_feature_9_sd_Robust_Skewness,0.003120191114186247,0.006756047037695551,0.002592677192445832
nucleus_texture_feature_9_sd_Robust_Kurtosis,0.004060466832591206,0.002000694866731653,0.004541219487699234
bin_1,0.00317889182768941,0.001615081584932431,0.002426101866020376
bin_2,0.005270878726738362,0.004379792174760202,0.004692684877045219
bin_3,0.002419031772206015,0.0012095887672814002,0.0018169953047459141
bin_4,0.004141487485232149,0.0029705004923801376,0.003849639645650745
bin_5,0.002845082690871048,0.0007955292417248049,0.0016307552210742253
bin_6,0.004283577142803036,0.004697659849950431,0.002549317925253522
bin_7,0.0033203927832096353,0.0035861477529265497,0.004830302608443457
bin_8,0.0033979987802326343,0.0037113699498297365,0.004700293316777919
