,accuracy,precision,recall,f1score,AUC,AP
ABCA6,0.6707317073170732,0.714053350683149,0.701593137254902,0.6695029108822212,0.7046568627450981,0.5810003351985837
ABCC2---Cluster1,0.6951219512195121,0.5738636363636364,0.5608899297423888,0.5637369653117684,0.48360655737704916,0.3027823537330233
ACAP1,0.573170731707317,0.5683148991541964,0.562799043062201,0.5583935990152331,0.5828349282296651,0.5988829635961529
ACOT2,0.6097560975609756,0.4519632414369257,0.4519632414369257,0.4519632414369257,0.43065998329156224,0.23387832572063902
ACP5---Cluster1,0.6951219512195121,0.6467948717948717,0.6687546057479734,0.6515383307836138,0.7557111274871039,0.47631078639613667
ACSS1,0.6585365853658537,0.5748626373626373,0.5879032258064516,0.5770081061164334,0.5564516129032259,0.3530906144402213
ADCY5---Cluster1,0.6463414634146342,0.4968774395003903,0.4962121212121212,0.49393487976165146,0.49053030303030304,0.24091710982956477
AJAP1---Cluster1,0.6097560975609756,0.5794681508967223,0.5865319865319865,0.5794871794871794,0.5572390572390573,0.37544074716869524
AKD1---Cluster1,0.5609756097560976,0.5595238095238095,0.5603864734299517,0.5586124401913876,0.5682367149758454,0.5134392135840883
AKR7L---Cluster1,0.5,0.4715370018975332,0.471875,0.47163287757347166,0.445,0.5586040181806845
ALDOC---Cluster1,0.6219512195121951,0.5201691607026675,0.5369047619047619,0.49593495934959353,0.43333333333333335,0.13408255020386667
ALOX5AP,0.6585365853658537,0.5891402714932127,0.5663299663299664,0.5651515151515151,0.6612794612794612,0.7745505649040672
AMBP---Cluster1,0.6707317073170732,0.6346153846153846,0.6414141414141414,0.6369896704377767,0.7084175084175084,0.6017302213313906
ANAPC13---Cluster1,0.6463414634146342,0.5666666666666667,0.5798387096774194,0.5675577377705037,0.5741935483870968,0.3397843482515916
ANGPTL1,0.5609756097560976,0.5410256410256411,0.5392156862745098,0.53875,0.6020220588235294,0.6939210002074463
AOAH,0.5975609756097561,0.462406015037594,0.46590909090909094,0.46341463414634143,0.46439393939393936,0.7162904872953677
APOBEC3C,0.6219512195121951,0.6264162194394752,0.6299019607843137,0.6205403791610689,0.6409313725490197,0.5488218544327444
APOH---Cluster1,0.524390243902439,0.4755291005291006,0.47592713077423554,0.47565174618789974,0.4713728041639557,0.6364185806399484
AQP1---Cluster1,0.7073170731707317,0.5984848484848485,0.6128472222222222,0.603225806451613,0.7439236111111112,0.41504321445972386
ATRNL1---Cluster2,0.6097560975609756,0.5745207173778601,0.584561403508772,0.5731945348080676,0.6336842105263157,0.4874291423741777
B3GNT3---Cluster1,0.5975609756097561,0.5325309043591412,0.5378787878787878,0.5304528891202499,0.6121212121212122,0.37138593788530866
B3GNT8,0.524390243902439,0.478494623655914,0.4766483516483516,0.4756517461878996,0.5185439560439561,0.3290509569250252
BATF---Cluster1,0.5853658536585366,0.5625,0.5557598039215685,0.5532051282051282,0.6182598039215687,0.7094120094664578
BDKRB2---Cluster2,0.5853658536585366,0.5211891208096142,0.5279866332497911,0.5108771929824562,0.5513784461152882,0.2834305919485756
BMP4---Cluster2,0.5609756097560976,0.5079063883617964,0.5092114959469418,0.503030303030303,0.48710390567428147,0.2897711368949646
BST2---Cluster2,0.5365853658536586,0.5288461538461539,0.5269138755980861,0.522671568627451,0.5328947368421052,0.5685692816225009
C10orf81,0.6463414634146342,0.5301724137931034,0.5380090497737556,0.5284552845528455,0.5918552036199095,0.34670871031844885
C10orf99,0.45121951219512196,0.4383971291866029,0.4306397306397306,0.42657342657342656,0.463973063973064,0.6978536054286658
C14orf132---Cluster1,0.5609756097560976,0.533974358974359,0.5331250000000001,0.5332068311195446,0.5521875,0.46322182376255877
C16orf54---Cluster1,0.6341463414634146,0.5887096774193548,0.5705128205128205,0.5684210526315789,0.5993589743589743,0.7208658617523116
C17orf57---Cluster1,0.573170731707317,0.5606606606606607,0.5647435897435897,0.5583935990152331,0.6301282051282051,0.7658101121045602
C17orf62---Cluster2,0.5853658536585366,0.572644376899696,0.5739022881880025,0.5729166666666666,0.6221397649969078,0.6644996948280466
C1QL1---Cluster2,0.6341463414634146,0.6309523809523809,0.641025641025641,0.6261398176291794,0.6474358974358975,0.4924041144962658
C1S---Cluster2,0.6707317073170732,0.5947368421052632,0.6022727272727273,0.5973813420621932,0.5643939393939393,0.7386307806400553
C2---Cluster1,0.524390243902439,0.4993872549019608,0.4993493819128172,0.4974068835454974,0.4938191281717632,0.6686311498891218
C22orf45---Cluster1,0.6829268292682927,0.5683060109289617,0.5730994152046783,0.5701612903225806,0.6466165413533835,0.36330155356116844
C2orf18---Cluster2,0.524390243902439,0.4837345478204294,0.4839743589743589,0.4837772397094431,0.4903846153846154,0.6311493217808455
C3---Cluster1,0.5365853658536586,0.5365853658536586,0.536936936936937,0.5354800238521169,0.5678678678678679,0.5944302727971561
C4orf6,0.524390243902439,0.5030921459492887,0.503125,0.5030303030303032,0.5531250000000001,0.41456868657985957
C6orf150---Cluster1,0.5121951219512195,0.49879227053140096,0.49875,0.49754901960784315,0.513125,0.40040441543585215
C9orf167---Cluster1,0.7195121951219512,0.5407239819004525,0.5472689075630253,0.5425660926509823,0.46323529411764713,0.19192739729559224
CALML4,0.5975609756097561,0.5833333333333333,0.5841063698206554,0.5836282505000769,0.6462585034013606,0.6032255939575885
CAPN12---Cluster2,0.5487804878048781,0.474207811348563,0.47685185185185186,0.47353808780149226,0.45171957671957674,0.31617409416333475
CAPN6,0.573170731707317,0.49537037037037035,0.49453551912568305,0.4906832298136645,0.4921935987509758,0.3155030857312401
CARD14,0.6219512195121951,0.6216457960644007,0.6214285714285714,0.6214445271779598,0.6017857142857143,0.5622048268474391
CASP8---Cluster2,0.5365853658536586,0.5295893719806763,0.5295893719806763,0.5295893719806763,0.4945652173913043,0.5687583897669051
CCDC109B---Cluster1,0.5121951219512195,0.4430709173715029,0.4355195283714075,0.4368131868131868,0.47015475313190863,0.2691671085691156
CCDC135,0.6219512195121951,0.5171703296703297,0.5226244343891403,0.5114357101672113,0.5782805429864254,0.8636876510791187
CCDC8---Cluster1,0.6341463414634146,0.5347368421052632,0.5413533834586466,0.5340909090909092,0.4720133667502089,0.759801977262688
CCDC8---Cluster2,0.5853658536585366,0.5986394557823129,0.5957957957957958,0.5843768634466309,0.6324324324324324,0.6727096721796874
CCL15,0.5975609756097561,0.5346153846153846,0.5421545667447306,0.5304528891202498,0.5249804839968775,0.33493100813019483
CCL20---Cluster2,0.6097560975609756,0.5165806927044951,0.5165806927044951,0.5165806927044951,0.4834193072955048,0.6843697353992825
CCR1,0.5609756097560976,0.5609756097560976,0.5615615615615616,0.5599284436493739,0.557057057057057,0.6108454580946622
CCR7,0.5121951219512195,0.48794063079777367,0.4876660341555977,0.48750000000000004,0.4601518026565465,0.35290543963629933
CCR8,0.6463414634146342,0.5338541666666666,0.5287398673544583,0.5284552845528455,0.5670596904937362,0.7522197602138526
CD2,0.5,0.5171568627450981,0.5173160173160173,0.4999256284396847,0.5442176870748299,0.4744878726572805
CD27,0.5975609756097561,0.56875,0.5715679895901106,0.5693140219640299,0.5757970071567989,0.7331764627463853
CD3D---Cluster1,0.5365853658536586,0.5207017543859649,0.5177177177177177,0.5072738772928526,0.5312312312312312,0.5731943444238506
CD3G---Cluster2,0.6219512195121951,0.5686813186813187,0.5673400673400674,0.5679075301716812,0.5006734006734006,0.6607924862118437
CD40,0.6585365853658537,0.4817708333333333,0.48011363636363635,0.4805429864253394,0.5075757575757576,0.19722971606878206
CD6---Cluster1,0.524390243902439,0.44456140350877194,0.4457417582417582,0.44508068714211346,0.4498626373626374,0.666571130009856
CD96---Cluster1,0.6341463414634146,0.4656716417910448,0.4730679156908665,0.4661458333333333,0.5409836065573771,0.8086608199902034
CDC42BPA,0.5975609756097561,0.5856250000000001,0.5832826747720364,0.5836282505000769,0.613677811550152,0.5168390456236835
CDH17---Cluster1,0.6463414634146342,0.5280303030303031,0.5309106098579783,0.5284552845528455,0.5267335004177109,0.7635211069433583
CDSN,0.5609756097560976,0.58375,0.5821078431372549,0.5607142857142856,0.6531862745098039,0.5755306156315005
CEBPE---Cluster2,0.4878048780487805,0.4484848484848485,0.45893719806763283,0.43981782693558885,0.5084541062801933,0.602150955450579
CENPBD1,0.6219512195121951,0.5797773654916512,0.5977272727272727,0.5759799833194328,0.6814393939393939,0.46324392003637344
CES3---Cluster1,0.524390243902439,0.4769230769230769,0.4757575757575757,0.4756517461878997,0.4666666666666667,0.6531874142387069
CHAF1B,0.5365853658536586,0.5265700483091788,0.5269607843137255,0.5264437689969604,0.5386029411764707,0.42789411899320307
CHST3---Cluster1,0.524390243902439,0.5178890876565295,0.5192307692307692,0.5121281464530892,0.5371794871794872,0.6629197825866169
CHST4---Cluster1,0.5121951219512195,0.5203349282296651,0.52125,0.5095693779904306,0.5840624999999999,0.6469937912642179
CIB2,0.5487804878048781,0.4635989010989011,0.46094325718496687,0.4615794143744454,0.4915254237288136,0.26823523239862596
CLCN6---Cluster3,0.6097560975609756,0.4507462686567164,0.46352247605011054,0.4519632414369257,0.5,0.3139123869832452
CLDN19,0.5853658536585366,0.5869047619047619,0.5881642512077294,0.5843768634466309,0.6464371980676329,0.6872550025905484
CLEC2D---Cluster1,0.524390243902439,0.524390243902439,0.525625,0.5185909980430529,0.5275,0.4205851993160569
CLEC3B---Cluster2,0.5609756097560976,0.5458570524984188,0.5440729483282675,0.5435992578849721,0.5227963525835866,0.45396666777495087
COX6A2---Cluster1,0.5487804878048781,0.5471079308288611,0.5472488038277512,0.5470965815793402,0.5604066985645932,0.63373286040806
CPEB4---Cluster1,0.5853658536585366,0.530625,0.5395161290322581,0.5212912087912087,0.5532258064516129,0.3044713882823593
CRTAM,0.524390243902439,0.4911448450347881,0.49102564102564106,0.4910074805029445,0.4987179487179487,0.64770453280966
CTSE,0.524390243902439,0.5306306306306307,0.5307971014492754,0.5243195002231147,0.5791062801932366,0.5240127005647405
CTSF,0.6463414634146342,0.6137096774193549,0.5891840607210626,0.5873676904390075,0.6736242884250475,0.6060662383229761
CTSZ---Cluster1,0.5,0.5123685837971552,0.5120772946859904,0.4993298585256888,0.5141908212560387,0.46739219274504273
CUBN,0.6097560975609756,0.5174242424242425,0.5165229885057472,0.5165806927044952,0.5165229885057471,0.3540243299316294
CXCL5---Cluster1,0.5,0.47993920972644377,0.47884615384615387,0.47754467754467755,0.4782051282051282,0.40260700352364154
CXCL6,0.524390243902439,0.5030921459492887,0.503125,0.5030303030303032,0.535,0.44689223460536603
CXCR6,0.6829268292682927,0.5535714285714286,0.5386363636363636,0.5373263888888888,0.5143939393939394,0.7325552892278611
CYP4X1---Cluster1,0.5365853658536586,0.47371675943104513,0.4577114427860697,0.44037356321839083,0.5144278606965174,0.31396801198468066
DAK---Cluster2,0.6829268292682927,0.6821705426356589,0.6821705426356589,0.6821705426356589,0.7048300536672629,0.71129387499121
DAND5---Cluster2,0.6097560975609756,0.6038647342995169,0.6038647342995169,0.6038647342995169,0.6256038647342995,0.7235339357236257
DAPP1,0.5975609756097561,0.5234848484848484,0.5208754208754209,0.5197870452528838,0.4707070707070707,0.6321967909662964
DCAF12L1,0.5121951219512195,0.45725806451612905,0.4675245098039216,0.44781144781144777,0.4417892156862745,0.539629857651866
DDAH2---Cluster2,0.5975609756097561,0.5303030303030303,0.5323275862068966,0.5304528891202499,0.5107758620689655,0.3646531006249634
DDX43,0.573170731707317,0.5121212121212121,0.5123626373626373,0.5121536630970593,0.5288461538461539,0.7287269720984582
DGKA---Cluster1,0.524390243902439,0.5376899696048631,0.5379901960784313,0.5243195002231147,0.5713848039215685,0.45764431641425735
DOK2,0.5487804878048781,0.5330882352941176,0.5333951762523191,0.5331589475303893,0.5825602968460111,0.515371740247355
DPP4,0.5121951219512195,0.44781144781144777,0.44781144781144777,0.44781144781144777,0.42154882154882156,0.3371639463891275
EFCAB4B,0.4634146341463415,0.46590909090909094,0.46590909090909094,0.46341463414634143,0.4383971291866029,0.4585018790832336
EFEMP1---Cluster1,0.5487804878048781,0.5508373205741627,0.550685748360167,0.5487133720065447,0.5533691115086464,0.5975417942502436
EFS---Cluster1,0.6219512195121951,0.6214285714285714,0.6216457960644007,0.6214445271779598,0.6657722122838401,0.6522118070916075
ESPN---Cluster2,0.6585365853658537,0.5363636363636364,0.5416666666666666,0.5370967741935484,0.484375,0.22493176480889637
ESRP1---Cluster1,0.6829268292682927,0.58069270449521,0.5914786967418546,0.5839188134270101,0.6102756892230576,0.8165616538763496
ETV7---Cluster1,0.5487804878048781,0.5116421568627451,0.5140014738393515,0.5025414002295459,0.4325718496683862,0.25718849189882015
EVL---Cluster1,0.5609756097560976,0.5462962962962963,0.5422705314009661,0.53875,0.5341183574879227,0.577392500923188
EXTL2,0.6097560975609756,0.5724225173940544,0.5771043771043771,0.5731945348080676,0.6888888888888888,0.8331142441962507
FAM107A,0.6341463414634146,0.6351190476190476,0.6357655502392345,0.6339285714285714,0.6581937799043062,0.6527585602788563
FAM113B,0.573170731707317,0.524561403508772,0.5224358974358975,0.5212677231025855,0.503525641025641,0.6459659211894817
FANCE---Cluster1,0.4878048780487805,0.49214975845410625,0.4922248803827751,0.48750000000000004,0.5143540669856459,0.5047818387514551
FASLG,0.6341463414634146,0.5842550422901757,0.5908771929824561,0.5858585858585859,0.5880701754385964,0.7609250503435236
FBXO27,0.6097560975609756,0.576593137254902,0.5897988505747127,0.5731945348080677,0.6537356321839081,0.4066839271157071
FGF11---Cluster1,0.5853658536585366,0.5046296296296297,0.5056451612903226,0.4992816091954022,0.4866935483870968,0.7392884975026188
FMO2,0.6097560975609756,0.5494505494505495,0.5494505494505495,0.5494505494505495,0.5776098901098901,0.43640484725334683
FSTL1---Cluster1,0.5365853658536586,0.5416666666666667,0.5412679425837321,0.5363095238095239,0.5032894736842105,0.46112666708622757
GALNT5---Cluster1,0.5975609756097561,0.5791589363017935,0.5800000000000001,0.5794871794871794,0.60875,0.511012849928802
GLIPR1L2---Cluster2,0.6463414634146342,0.5309106098579783,0.5280303030303031,0.5284552845528455,0.5704545454545454,0.4035650388399118
GPR37---Cluster1,0.5853658536585366,0.5739022881880025,0.572644376899696,0.5729166666666666,0.619452887537994,0.6468259882181968
GPR39---Cluster1,0.573170731707317,0.5448926480156149,0.5431250000000001,0.5432118414770014,0.525,0.42575612920153116
GPR55---Cluster2,0.5853658536585366,0.5640074211502782,0.5654648956356736,0.564375,0.5825426944971537,0.6675472514269108
GPR56---Cluster1,0.6951219512195121,0.5451388888888888,0.5470588235294118,0.5459579180509413,0.6126696832579186,0.3155003836517545
GPX7---Cluster1,0.5487804878048781,0.42239010989010994,0.38756218905472634,0.3983739837398374,0.427860696517413,0.16190585320018536
GRAP2,0.5487804878048781,0.5272660280029478,0.5223429951690821,0.5102502017756255,0.5951086956521738,0.6744168181143236
GSG1---Cluster2,0.47560975609756095,0.4470899470899471,0.4513677811550152,0.4458588716014459,0.39817629179331304,0.3610563498866981
GSTP1---Cluster1,0.47560975609756095,0.4732142857142857,0.4721706864564007,0.46921571579105825,0.5151515151515151,0.39707154024427854
GSTT1,0.6219512195121951,0.48257575757575755,0.4791855203619909,0.47856410256410253,0.4914027149321267,0.21629448890208974
GZMK,0.573170731707317,0.46842105263157896,0.4637096774193548,0.4640522875816993,0.46612903225806457,0.7604623756000952
HABP2---Cluster2,0.6463414634146342,0.4962121212121212,0.4968774395003903,0.49393487976165146,0.5214676034348166,0.7754014975910287
HDAC11---Cluster2,0.6707317073170732,0.6281717631750163,0.6353021978021978,0.6306922435362802,0.6456043956043956,0.7715820459745489
HIST1H2BJ---Cluster2,0.5365853658536586,0.5429808286951144,0.5414430530709601,0.5340909090909092,0.5140131186642815,0.6074881087152427
HIST3H2A---Cluster1,0.5975609756097561,0.5912343470483006,0.5980769230769231,0.5871853546910755,0.6314102564102564,0.5181246027465262
HLA-DOB,0.43902439024390244,0.43902439024390244,0.4388789505068575,0.4386904761904762,0.44961240310077516,0.48568105748658635
HLA-DPB1---Cluster1,0.5,0.46899696048632217,0.46336206896551724,0.4573042776432607,0.45833333333333337,0.31519147236731576
HNF4G,0.5975609756097561,0.599404761904762,0.6015197568389058,0.5960591133004927,0.590273556231003,0.499382487575449
HOXA11AS---Cluster2,0.5609756097560976,0.5446428571428572,0.5392512077294686,0.5332068311195446,0.5108695652173912,0.5697627492323474
HOXA7---Cluster2,0.6707317073170732,0.663963963963964,0.6672794117647058,0.6646978646069968,0.7138480392156863,0.7346927107698806
HOXA9---Cluster1,0.6463414634146342,0.5210526315789473,0.5315126050420168,0.5122051282051282,0.5525210084033614,0.27324899564369787
HOXB2---Cluster1,0.6097560975609756,0.5771043771043771,0.5724225173940544,0.5731945348080676,0.5932953826691968,0.43185770679247587
HOXB8---Cluster1,0.524390243902439,0.5238095238095238,0.5238521168753727,0.5237527922561429,0.5739415623136555,0.540689181215031
HPD---Cluster2,0.5853658536585366,0.532051282051282,0.5359195402298851,0.5306397306397307,0.47198275862068967,0.31414389892190575
HRASLS,0.5,0.46899696048632217,0.46336206896551724,0.4573042776432607,0.5172413793103449,0.31690409163872424
HRASLS2,0.6463414634146342,0.5771929824561404,0.5790229885057472,0.5779946761313222,0.5628591954022988,0.3807779489099794
HSD17B13---Cluster1,0.524390243902439,0.5184523809523809,0.524199843871975,0.4910074805029444,0.5132708821233412,0.27897398339420265
HSD17B7P2---Cluster1,0.524390243902439,0.5196428571428572,0.523157894736842,0.503030303030303,0.5375438596491229,0.30502149178513815
ICA1---Cluster2,0.524390243902439,0.4822303921568627,0.4773614363778298,0.4665554628857381,0.4855581576893052,0.3250793605297295
IFI16---Cluster2,0.5609756097560976,0.5240384615384616,0.521875,0.5198438516590762,0.4575,0.5666298473450899
IFNGR2---Cluster1,0.6219512195121951,0.6060507482108002,0.5998774509803921,0.6005029074336006,0.6332720588235294,0.582619203666787
IL12RB2,0.4878048780487805,0.45763760049474334,0.4554326610279766,0.45540796963946867,0.44242029928432003,0.3124643310509101
IL17RE---Cluster3,0.6951219512195121,0.6045454545454546,0.607728337236534,0.6059965404574285,0.6608118657298985,0.815502176379681
IL1R2,0.6341463414634146,0.6357655502392345,0.6351190476190476,0.6339285714285714,0.7160714285714286,0.720820813885492
IL20RB,0.6341463414634146,0.6076772934287573,0.6046805819101835,0.6057692307692308,0.6685641998734978,0.7564921002924281
IL2RA---Cluster1,0.524390243902439,0.4561781609195402,0.46031229668184775,0.4563997960224375,0.505530253741054,0.6828981412635018
IRF7---Cluster1,0.6097560975609756,0.521774193548387,0.5185439560439561,0.5165806927044951,0.4718406593406593,0.6627857221274991
ISYNA1---Cluster1,0.5853658536585366,0.5275142314990512,0.5339578454332553,0.5212912087912087,0.6213895394223263,0.4350023737986712
ITIH1,0.6097560975609756,0.5071010860484544,0.5059649122807017,0.5030303030303029,0.4743859649122807,0.6635253907568838
ITPRIP,0.6341463414634146,0.6370820668693009,0.6341463414634146,0.6321770334928231,0.6918500892325997,0.6788757400588399
KAZALD1,0.524390243902439,0.518719806763285,0.5186186186186186,0.5185909980430528,0.5204204204204204,0.5751400288425597
KCNJ11---Cluster1,0.45121951219512196,0.41217948717948716,0.4133459835547122,0.412700939041859,0.4560404807084124,0.5966467910273519
KLHL3,0.5853658536585366,0.5849282296650717,0.5845238095238096,0.5843768634466309,0.5729166666666665,0.5691981513368782
KRT80---Cluster1,0.573170731707317,0.5576923076923077,0.5547112462006079,0.5540015540015539,0.594224924012158,0.6549195077237295
KRTCAP3,0.6463414634146342,0.4812646370023419,0.4747899159663866,0.47331118493909197,0.5346638655462185,0.24411291403870589
LAD1---Cluster1,0.5487804878048781,0.5151975683890577,0.5189393939393939,0.5025414002295459,0.5621212121212121,0.40593382349563634
LAMB3---Cluster1,0.5365853658536586,0.46456140350877195,0.46599326599326596,0.4649725274725275,0.4909090909090909,0.6861841541215743
LAMC2---Cluster1,0.45121951219512196,0.4565217391304348,0.45675675675675675,0.45113788487282463,0.45105105105105114,0.46222257719649684
LBP,0.6585365853658537,0.5105042016806722,0.5075757575757576,0.5017361111111112,0.42196969696969694,0.716509550386561
LCP1---Cluster1,0.5853658536585366,0.5867620751341682,0.5867620751341682,0.5853658536585366,0.5855694692903994,0.5850042058455693
LGALS3BP,0.6097560975609756,0.6053872053872054,0.593993993993994,0.59,0.6024024024024024,0.5592475376331475
LGALS4,0.6219512195121951,0.4598997493734336,0.4583333333333333,0.4590338369865929,0.4453125,0.7544017328526946
LGI4---Cluster1,0.5121951219512195,0.4379391100702576,0.4497153700189753,0.4368131868131868,0.4576217583807717,0.6005928060635355
LIME1,0.6585365853658537,0.5640858815875082,0.6098104793756968,0.5519125683060109,0.5986622073578596,0.36060077596962836
LOC100233209,0.5853658536585366,0.5648148148148149,0.5600490196078431,0.5591397849462366,0.6053921568627451,0.7213669571419132
LOC388387---Cluster2,0.6341463414634146,0.5196969696969698,0.5209677419354839,0.5199063231850116,0.49919354838709684,0.2724754914968813
LOC55908---Cluster2,0.5487804878048781,0.52875,0.5284477427334571,0.5285159285159285,0.5754483611626467,0.6721888799771781
LRFN4,0.4878048780487805,0.4878048780487805,0.4878048780487805,0.4878048780487805,0.5300416418798334,0.5672300037784976
LSP1---Cluster2,0.5487804878048781,0.549043062200957,0.5487804878048781,0.5481757259865971,0.603807257584771,0.584467106664501
LTBP3---Cluster1,0.5487804878048781,0.5235003092145949,0.5243589743589744,0.5231808895175232,0.5310897435897436,0.40249908256613603
LTC4S,0.4634146341463415,0.4636904761904762,0.4636904761904762,0.46341463414634143,0.5026785714285714,0.5324085886852944
LY96,0.6829268292682927,0.553030303030303,0.5662878787878788,0.5547201336675022,0.6150568181818181,0.8587515351685262
MAP4K2,0.573170731707317,0.5625,0.5620060790273557,0.5621662852784134,0.5556231003039513,0.6480268425281767
MAP9---Cluster1,0.6707317073170732,0.6146978021978022,0.6171929824561404,0.6158250910983862,0.6631578947368422,0.5091098667796693
MASP1---Cluster1,0.5609756097560976,0.5331306990881459,0.5382456140350877,0.5269230769230769,0.5357894736842106,0.36539786716294625
MAT1A---Cluster1,0.5853658536585366,0.5654648956356736,0.5640074211502782,0.564375,0.5315398886827458,0.5911330186749586
MFSD7---Cluster1,0.5365853658536586,0.518243661100804,0.518243661100804,0.518243661100804,0.5269016697588126,0.6635004235640913
MGAM---Cluster1,0.5975609756097561,0.47970335675253706,0.4803030303030303,0.4799154334038055,0.4507575757575757,0.2826822251181109
MGAT1,0.5609756097560976,0.5198438516590761,0.5198438516590761,0.5198438516590761,0.533181522446324,0.676989689618391
MOBKL2A,0.573170731707317,0.543010752688172,0.5435897435897437,0.5432118414770014,0.6237179487179487,0.6949298637582847
MT1E---Cluster1,0.524390243902439,0.5101674641148326,0.5119298245614035,0.49740688354549745,0.543859649122807,0.3525732115571076
NCKAP1L---Cluster1,0.5365853658536586,0.4855769230769231,0.4865384615384616,0.4847883597883599,0.5192307692307692,0.6815678620382998
NKG7,0.5365853658536586,0.535625,0.5339285714285714,0.5295893719806763,0.5761904761904761,0.6299683943170171
NPC1L1---Cluster1,0.45121951219512196,0.4410334346504559,0.4414251207729468,0.441163107678328,0.45471014492753625,0.443597178714099
PAK6---Cluster1,0.6097560975609756,0.5582491582491582,0.5582491582491582,0.5582491582491582,0.5622895622895623,0.7096321492721573
PAQR5,0.6341463414634146,0.5571929824561404,0.5600589535740604,0.5581896551724138,0.5508474576271186,0.32402309049776745
PDLIM4---Cluster1,0.6219512195121951,0.5583791208791209,0.5596491228070175,0.5589102897796286,0.5564912280701754,0.7014068573788217
PDZK1IP1,0.6707317073170732,0.5722181282240235,0.5790322580645162,0.5744762636940227,0.6100806451612902,0.4073357591852105
PFKM,0.6585365853658537,0.5795454545454546,0.5754310344827587,0.5770081061164332,0.5822557471264367,0.7738027157802174
PIPOX---Cluster1,0.7439024390243902,0.6988636363636364,0.6473684210526316,0.6585365853658537,0.6329824561403509,0.5567457831076753
PKIA---Cluster1,0.5,0.5,0.5,0.4981340498581878,0.462819750148721,0.48292538950065234
PKP3,0.6829268292682927,0.6035087719298246,0.615144418423107,0.6072218128224024,0.580015612802498,0.7700726278809312
PLA2G12B---Cluster1,0.6707317073170732,0.5942760942760943,0.6129032258064516,0.5973813420621932,0.5975806451612903,0.3337072051964874
PLAC8,0.573170731707317,0.48064516129032253,0.48383838383838385,0.4780869248954356,0.5528619528619529,0.7443023482832815
POF1B---Cluster1,0.5365853658536586,0.537386018237082,0.5365853658536586,0.5340909090909091,0.5368828078524689,0.5563517294669793
PPP1R14D---Cluster1,0.5121951219512195,0.5267267267267267,0.5289525048796356,0.5075075075075075,0.4996746909564086,0.3438313097869347
PREPL---Cluster1,0.6829268292682927,0.6098579782790309,0.592280701754386,0.5962121212121212,0.6287719298245614,0.5156848629208854
PROM1---Cluster2,0.5853658536585366,0.5689969604863222,0.5717900063251107,0.5689548546691404,0.6021505376344086,0.7070345170131767
PTGER3---Cluster2,0.6463414634146342,0.5383838383838384,0.5598739495798319,0.5284552845528455,0.634453781512605,0.30579023417854745
PTPN22,0.6707317073170732,0.6657179000632512,0.6582125603864735,0.6593322049546084,0.6884057971014492,0.7280848101901973
PTPN7---Cluster1,0.6097560975609756,0.5794871794871794,0.5794871794871794,0.5794871794871794,0.5820512820512821,0.6951359352439831
PTPRC,0.5975609756097561,0.5715679895901106,0.56875,0.5693140219640299,0.6384375,0.732645143603457
PTPRCAP---Cluster1,0.5609756097560976,0.558662613981763,0.5575432319618366,0.5567567567567567,0.5963029218843172,0.6029477663565002
RASSF5---Cluster2,0.5609756097560976,0.5119047619047619,0.5119047619047619,0.5119047619047619,0.5231481481481481,0.73016509013928
RCAN2,0.35365853658536583,0.3462462462462462,0.34541062801932365,0.34577751016107183,0.33997584541062803,0.49216530213378407
RIPK3---Cluster2,0.573170731707317,0.5686456400742115,0.5663875598086124,0.5653490837498107,0.6779306220095693,0.6886918442833558
RNF182---Cluster1,0.6097560975609756,0.5653846153846154,0.570054945054945,0.5661375661375662,0.6600274725274725,0.4415709394836659
RORC---Cluster1,0.6829268292682927,0.6127946127946128,0.6307572209211554,0.6170977011494253,0.6354410616705698,0.34037564010993926
RPL39L---Cluster1,0.6219512195121951,0.492280701754386,0.4884453781512605,0.47856410256410253,0.48319327731092443,0.28928653006770993
RUNX1,0.5121951219512195,0.49875,0.49879227053140096,0.49754901960784315,0.5736714975845411,0.6322286408244004
S100A14,0.6341463414634146,0.6341463414634146,0.6394557823129252,0.6306306306306306,0.634817563388992,0.55481750848997
SCN3B---Cluster1,0.45121951219512196,0.43692022263450836,0.4384057971014492,0.43707093821510296,0.39855072463768115,0.3673240348598418
SDCBP2,0.5,0.4987987987987988,0.4988095238095238,0.49813404985818777,0.5122023809523809,0.5171067608108575
SEPT1,0.5121951219512195,0.4574175824175824,0.4602564102564103,0.4576719576719577,0.4493589743589744,0.6169492569877238
SERPINF2---Cluster1,0.4878048780487805,0.4900900900900901,0.49016100178890876,0.48750000000000004,0.4844961240310078,0.5008230836943844
SFN---Cluster1,0.5365853658536586,0.51875,0.5183823529411764,0.5182436611008039,0.5153186274509804,0.5978459917702089
SIM1,0.5853658536585366,0.5851449275362319,0.5839285714285715,0.5831339712918662,0.5633928571428571,0.5300887230714222
SLA,0.5853658536585366,0.5587500000000001,0.5602564102564103,0.5591397849462365,0.6006410256410256,0.7061712673835571
SLAMF7---Cluster1,0.5121951219512195,0.5059808612440191,0.5061274509803921,0.5048309178743962,0.5330882352941176,0.43292539218448545
SLC10A2,0.4634146341463415,0.44021739130434784,0.4320054945054945,0.4294750158127768,0.440934065934066,0.6996949924231817
SLC16A11,0.5853658536585366,0.5074821080026025,0.5096073517126148,0.4992816091954023,0.6240601503759399,0.4044764554197059
SLC16A5---Cluster1,0.5,0.4982057416267942,0.49821109123434704,0.49813404985818777,0.5140131186642813,0.5220946889374803
SLC17A1---Cluster1,0.7195121951219512,0.6551724137931034,0.659174649963154,0.6570285506455718,0.6529108327192337,0.4170719316924587
SLC17A2,0.6341463414634146,0.5776098901098901,0.5776098901098901,0.5776098901098901,0.5679945054945055,0.7218010485715165
SLC1A7,0.4268292682926829,0.42605843768634466,0.42619047619047623,0.42606105733432614,0.4285714285714286,0.5005646351502104
SLC34A2---Cluster1,0.5365853658536586,0.5098039215686274,0.5105820105820106,0.5072738772928527,0.5317460317460317,0.36027484214509253
SLC44A4,0.4634146341463415,0.482487922705314,0.4808201058201058,0.4582582582582583,0.5009920634920635,0.3744583942171285
SLC46A3---Cluster1,0.6097560975609756,0.549772283669486,0.5563743551952837,0.5494505494505495,0.6024318349299926,0.38004294809036904
SLC5A12,0.47560975609756095,0.4761478831246273,0.47619047619047616,0.47553175665625463,0.4693452380952381,0.4983672703718741
SLC6A18,0.5609756097560976,0.5567567567567567,0.5567567567567567,0.5567567567567567,0.5912912912912912,0.6335210084529417
SLC6A19,0.5365853658536586,0.5351190476190476,0.5356280193236715,0.5340909090909091,0.5739734299516908,0.5556190495516967
SLC6A3,0.6463414634146342,0.5942307692307692,0.6083271923360354,0.595784463708992,0.6168017686072218,0.3676780176605595
SLFN12,0.5365853658536586,0.5337386018237082,0.5330948121645795,0.5321321321321322,0.5307096004770423,0.4964231919226942
SLPI---Cluster2,0.5975609756097561,0.56875,0.5715679895901106,0.5693140219640299,0.5718932986337021,0.6794427460142214
SNTB1---Cluster1,0.6707317073170732,0.6120117907148122,0.6043956043956044,0.6070984915705413,0.6751373626373627,0.7598366664872828
SNX33,0.6829268292682927,0.5674281503316139,0.5828054298642533,0.5701612903225806,0.5972850678733032,0.3014906329594294
SOX8,0.4634146341463415,0.42249240121580545,0.393483709273183,0.3925925925925926,0.39014202172096907,0.1982823689178319
SP140---Cluster1,0.6219512195121951,0.60752688172043,0.6041666666666667,0.6049728049728049,0.5894607843137255,0.6727450704460564
SPON1,0.5975609756097561,0.5856250000000001,0.5832826747720364,0.5836282505000769,0.5832826747720365,0.6306545716110574
SRPX2---Cluster1,0.5853658536585366,0.5831043956043955,0.5723684210526316,0.564375,0.5663875598086126,0.5318448175692562
SULT1C4,0.573170731707317,0.5177103099304238,0.5212121212121212,0.5121536630970593,0.5303030303030303,0.3102986138219521
SYK---Cluster3,0.4878048780487805,0.5170068027210885,0.5178919973975277,0.48658318425760283,0.5302537410540014,0.3985597720991455
TAGAP---Cluster2,0.4634146341463415,0.46739130434782605,0.4677033492822966,0.4630952380952381,0.4853468899521531,0.47239056646294925
TCN2,0.5609756097560976,0.5435049019607843,0.544375,0.5435992578849722,0.554375,0.46092657091836853
THRSP,0.4634146341463415,0.430625,0.4288461538461539,0.42947501581277675,0.43878205128205133,0.5910069274764861
TM4SF18,0.7317073170731707,0.6007575757575757,0.6397058823529411,0.6085069444444445,0.6586134453781514,0.2959551894777892
TM4SF19---Cluster1,0.524390243902439,0.524390243902439,0.5244047619047619,0.5243195002231147,0.549404761904762,0.5945771725579568
TMEM149,0.6219512195121951,0.5789835164835164,0.5748210800260247,0.5759799833194329,0.5783994795055303,0.6963313110140078
TMEM173,0.5121951219512195,0.5147058823529411,0.5142857142857142,0.5095693779904307,0.5583333333333333,0.525247681363326
TMEM200A,0.6463414634146342,0.6482142857142856,0.6513677811550151,0.645021645021645,0.6492401215805471,0.6912406249938876
TMEM25---Cluster1,0.6463414634146342,0.5828589500316256,0.6137152777777778,0.5779946761313222,0.6649305555555556,0.45033669990345215
TMEM92---Cluster2,0.6097560975609756,0.43106060606060603,0.39166666666666666,0.4063348416289593,0.4202380952380952,0.12807052369607655
TNFAIP8L2---Cluster2,0.573170731707317,0.5702380952380952,0.5746363061353574,0.5653490837498107,0.5793801391524352,0.7094158358040179
TNFRSF9,0.6463414634146342,0.6326599326599327,0.6207107843137255,0.6215183829380868,0.6409313725490197,0.7206819205907804
TNFSF8,0.5,0.5012012012012012,0.5011904761904762,0.4993298585256887,0.4889880952380953,0.5471680537179842
TOB1---Cluster2,0.6097560975609756,0.5317460317460317,0.5387096774193548,0.5287356321839081,0.4645161290322581,0.24288285666608622
TRAK1---Cluster1,0.6585365853658537,0.5363636363636364,0.5416666666666666,0.5370967741935484,0.5407986111111112,0.8008117095481994
TSPAN8,0.6585365853658537,0.5239819004524887,0.5206869633099142,0.52046783625731,0.4519906323185012,0.7087801087015819
TSPYL5---Cluster2,0.5609756097560976,0.5575432319618366,0.558662613981763,0.5567567567567567,0.5851063829787233,0.5764620865095966
UGT3A1---Cluster1,0.524390243902439,0.49102564102564106,0.4911448450347881,0.4910074805029445,0.49968374446552816,0.4437428893194919
UPK1B---Cluster1,0.5609756097560976,0.5613095238095238,0.5613095238095238,0.5609756097560975,0.6383928571428572,0.6404850805415684
VNN1---Cluster1,0.6341463414634146,0.6339285714285714,0.6339285714285714,0.6339285714285714,0.643452380952381,0.6419696092394522
VNN2---Cluster1,0.4146341463414634,0.401875,0.4061004784688995,0.40182370820668695,0.44437799043062204,0.5107876234403067
VTN---Cluster2,0.573170731707317,0.5133333333333333,0.5125661375661376,0.5121536630970593,0.5634920634920635,0.36452078833506707
WAS,0.6219512195121951,0.6097883597883598,0.6009118541033435,0.6005029074336006,0.5890577507598784,0.6384322431953231
WBP2NL---Cluster1,0.524390243902439,0.44113756613756616,0.43052302888368466,0.4324755989352263,0.44379391100702575,0.25871471166756477
WIPF1,0.5975609756097561,0.5568783068783069,0.5559531554977228,0.5563207083128381,0.5621340273259596,0.7141950026959535
WISP3---Cluster1,0.5609756097560976,0.5462962962962963,0.5422705314009661,0.53875,0.5507246376811593,0.629972229161683
XDH,0.4878048780487805,0.4922248803827751,0.49214975845410625,0.48750000000000004,0.5667270531400966,0.6140570063495936
XK---Cluster1,0.5,0.49344066785927254,0.492948717948718,0.48710907704042716,0.558974358974359,0.4261679473770464
XKR6---Cluster1,0.524390243902439,0.4557692307692308,0.446135831381733,0.44508068714211346,0.41530054644808745,0.21976311658602876
ZBED2---Cluster1,0.5121951219512195,0.569683908045977,0.560625,0.5075075075075075,0.62375,0.5359873155560975
ZBTB32---Cluster1,0.6341463414634146,0.5865880619012528,0.5764476252439819,0.5776098901098902,0.6099544567338973,0.7333057364572885
ZFP37---Cluster1,0.5975609756097561,0.4227430555555556,0.42564745196324144,0.4241327942115344,0.431077694235589,0.20308811204704252
ZNF132,0.6463414634146342,0.5974999999999999,0.6217798594847774,0.595784463708992,0.7064793130366901,0.45731939929712423
ZNF134,0.5121951219512195,0.48468137254901966,0.4834656084656085,0.48134092346616064,0.4728835978835979,0.3420646305428687
ZNF135,0.6219512195121951,0.5371929824561403,0.5401515151515152,0.5377341334788143,0.5545454545454546,0.30798726835347073
ZNF154---Cluster1,0.6341463414634146,0.6246134817563389,0.6224924012158055,0.6231617647058824,0.6510638297872341,0.7172209849846012
ZNF280B,0.4634146341463415,0.4597495527728086,0.45896656534954405,0.4582582582582582,0.4826747720364742,0.430649588981515
ZNF415,0.6585365853658537,0.5362997658079625,0.5388471177944862,0.5370967741935484,0.5401002506265664,0.2958834809831068
ZNF501---Cluster1,0.4878048780487805,0.46606606606606604,0.4583640383198232,0.4480769230769231,0.4384672070744289,0.2522248948179132
ZNF502,0.6341463414634146,0.4937361827560796,0.49154228855721394,0.4862155388471178,0.490547263681592,0.2653513295913935
ZNF542---Cluster2,0.7195121951219512,0.6606578115117014,0.7204861111111112,0.6653061224489796,0.8012152777777778,0.5601910237224424
ZNF577,0.7195121951219512,0.659174649963154,0.6551724137931034,0.6570285506455718,0.7036637931034483,0.8270349553944
ZNF606,0.6951219512195121,0.5646551724137931,0.600334448160535,0.5637369653117685,0.6109253065774806,0.3105191191856716
ZNF662,0.5365853658536586,0.5376794258373205,0.5375,0.5363095238095238,0.47023809523809523,0.45631059023879855
ZNF671,0.7195121951219512,0.6298245614035087,0.6605902777777778,0.6375168172208342,0.6649305555555556,0.3656815668605806
ZNF677---Cluster1,0.6219512195121951,0.5435914118412493,0.5581597222222222,0.5377341334788144,0.579861111111111,0.28792693453599333
ZNF781---Cluster2,0.6219512195121951,0.5582010582010583,0.5648489314664702,0.5589102897796286,0.5497420781134856,0.3978020131093145
ZSCAN1---Cluster2,0.6219512195121951,0.5790273556231003,0.6231060606060606,0.5589102897796286,0.6174242424242424,0.27624491568640996
ZSCAN12---Cluster1,0.5487804878048781,0.54,0.5384384384384384,0.5371472158657513,0.5501501501501501,0.5382157634001279
