,accuracy,precision,recall,f1score,AUC,AP
ABCC3---Cluster2,0.56,0.5634920634920635,0.5512820512820513,0.533106960950764,0.5673076923076923,0.5455499893019277
ACN9---Cluster1,0.46,0.41666666666666663,0.4388083735909823,0.4065934065934066,0.499194847020934,0.459910650513414
ACTC1---Cluster1,0.82,0.6739130434782609,0.5867208672086721,0.6021220159151193,0.7303523035230353,0.8903523147912609
AEBP1---Cluster1,0.56,0.5149051490514904,0.5090311986863711,0.47619047619047616,0.5599343185550082,0.6389882413271621
AGA,0.76,0.3877551020408163,0.48717948717948717,0.43181818181818177,0.5501165501165501,0.8096224315472762
AGBL2,0.7,0.5283687943262412,0.5079365079365079,0.4684620836286322,0.574404761904762,0.8039826464349719
ALDH1A3---Cluster2,0.76,0.8775510204081632,0.5384615384615384,0.5016611295681063,0.6278586278586278,0.8219846880216686
ALDH3B1---Cluster1,0.48,0.45,0.46794871794871795,0.4206773618538324,0.5,0.48379563101293904
ALDH7A1,0.64,0.32653061224489793,0.48484848484848486,0.3902439024390244,0.5561497326203209,0.7289546592860874
AMICA1---Cluster1,0.6,0.48214285714285715,0.48026315789473684,0.4802494802494803,0.6030701754385965,0.8308794147964917
AMMECR1---Cluster2,0.72,0.6195652173913043,0.5436507936507936,0.5257452574525746,0.5317460317460316,0.35520273865955143
AMT---Cluster1,0.64,0.5760869565217391,0.5243055555555556,0.4755244755244755,0.578125,0.6938357723874304
ANGPT1---Cluster2,0.6,0.5151515151515151,0.5115864527629234,0.503968253968254,0.5062388591800356,0.4024847857456553
ANK3---Cluster1,0.78,0.8877551020408163,0.5416666666666666,0.5137046861184792,0.6030701754385965,0.37379487626198155
ANKRD35---Cluster1,0.8,0.40816326530612246,0.4878048780487805,0.4444444444444445,0.7398373983739837,0.911932109544962
ANKRD45---Cluster1,0.8,0.711111111111111,0.6107226107226107,0.6279761904761905,0.5547785547785548,0.36231307536788815
ANKRD5---Cluster1,0.78,0.39,0.5,0.43820224719101125,0.5314685314685315,0.7921329666660677
ANKRD9---Cluster2,0.72,0.6145833333333333,0.5218253968253969,0.47916666666666663,0.7251984126984127,0.8371025036802666
AOX1---Cluster1,0.78,0.6458333333333333,0.5326340326340326,0.5137046861184792,0.7715617715617716,0.9339772340410747
APITD1---Cluster1,0.66,0.6515151515151515,0.6083333333333334,0.6026180458158018,0.5008333333333332,0.4431185895905262
APOBEC3C,0.76,0.6413043478260869,0.5570175438596491,0.5535714285714286,0.7324561403508772,0.903760863626356
APOC2---Cluster1,0.7,0.6856060606060606,0.5873440285204992,0.5765104460756635,0.6381461675579322,0.8112728040783468
AQP4,0.76,0.5757575757575758,0.55,0.5535714285714286,0.7125,0.916312722303345
AQP5---Cluster1,0.74,0.625,0.524948024948025,0.4901960784313726,0.6361746361746361,0.8095762483743127
ARC,0.72,0.6145833333333333,0.5218253968253969,0.47916666666666663,0.6845238095238095,0.8498151328550445
ARHGEF19,0.62,0.5375000000000001,0.5267379679144385,0.5180111618467783,0.6345811051693404,0.8003726005842207
ARL11---Cluster2,0.58,0.5914760914760915,0.5705128205128205,0.5495495495495495,0.5448717948717949,0.5606247898171693
ARL4C---Cluster1,0.76,0.775,0.6909722222222222,0.7023809523809523,0.7430555555555556,0.8239468893540982
ARMCX2,0.64,0.6333333333333333,0.6298701298701299,0.6305418719211822,0.6282467532467533,0.6580501020572356
ARSA---Cluster1,0.7,0.47777777777777775,0.48903508771929827,0.4684620836286322,0.5855263157894737,0.8319931001930079
ARSD,0.76,0.38,0.5,0.4318181818181818,0.5570175438596492,0.8021807251041638
ATP10D,0.62,0.551490514905149,0.5329861111111112,0.5180111618467782,0.5703125,0.4802101244817465
ATP5G3,0.68,0.34,0.5,0.40476190476190477,0.4025735294117647,0.3263888751883388
ATP6V1G2,0.5,0.5,0.5,0.48325754443985114,0.4576,0.5120356324558213
AVIL,0.72,0.6950354609929078,0.5523809523809524,0.5257452574525745,0.7676190476190476,0.8472996301332012
B3GNT8,0.68,0.5303030303030303,0.5158730158730158,0.5,0.5357142857142858,0.7681565595502052
BACE2---Cluster1,0.82,0.41,0.5,0.45054945054945056,0.4823848238482385,0.8276276054782932
BAK1---Cluster1,0.66,0.49404761904761907,0.49584199584199584,0.4876431585292345,0.49064449064449067,0.7509886843064897
BATF2,0.66,0.6428571428571428,0.625,0.6263736263736264,0.7166666666666667,0.7730247396503083
BEST3,0.54,0.4076086956521739,0.47208538587848936,0.3866666666666666,0.6970443349753694,0.5513309567651095
BGN---Cluster1,0.62,0.4242424242424242,0.4619047619047619,0.4273658830620856,0.42666666666666664,0.27829247356120285
BLOC1S1---Cluster1,0.76,0.6354166666666667,0.5285087719298246,0.5016611295681063,0.5921052631578948,0.8045680967826428
BST2---Cluster1,0.84,0.9166666666666667,0.6,0.6212121212121212,0.76,0.9180711508204673
BTBD6,0.62,0.4858156028368794,0.4965277777777778,0.4273658830620856,0.47048611111111116,0.37510719513715907
BVES,0.62,0.625,0.62,0.6161616161616162,0.6928000000000001,0.6744027458278811
C10orf10,0.68,0.3541666666666667,0.4722222222222222,0.4047619047619048,0.5,0.7271418792039075
C10orf107,0.82,0.6666666666666667,0.5433604336043361,0.5403472931562818,0.8102981029810299,0.9550848236068712
C10orf35---Cluster2,0.64,0.6845238095238095,0.6006493506493507,0.5714285714285715,0.5357142857142858,0.6052361973274882
C10orf81,0.58,0.5819964349376114,0.5737179487179487,0.565936337329475,0.6346153846153846,0.7110536746165401
C11orf63,0.82,0.9081632653061225,0.55,0.5403472931562819,0.6875,0.8910114166698695
C11orf9---Cluster1,0.54,0.5238095238095238,0.5128824476650564,0.4623655913978495,0.6602254428341385,0.7468796846732944
C13orf29---Cluster1,0.76,0.6354166666666667,0.5285087719298246,0.5016611295681063,0.7083333333333334,0.8802624667401086
C14orf106---Cluster1,0.7,0.35,0.5,0.4117647058823529,0.5085714285714286,0.7163170544129871
C15orf48,0.74,0.37,0.5,0.42528735632183906,0.575883575883576,0.7507932476975115
C16orf45,0.64,0.6394230769230769,0.6394230769230769,0.6394230769230769,0.7067307692307693,0.6862373449432183
C1orf135---Cluster1,0.64,0.6625,0.6055194805194806,0.5863970588235294,0.6834415584415584,0.6123580372533721
C1orf135---Cluster2,0.82,0.9081632653061225,0.55,0.5403472931562819,0.5549999999999999,0.3080193763647274
C1orf59---Cluster2,0.6,0.5111111111111111,0.5042444821731749,0.45175438596491224,0.4431239388794567,0.5933877505104955
C1orf74---Cluster1,0.8,0.7375886524822695,0.578088578088578,0.584717607973422,0.648018648018648,0.4289885988480301
C1orf85,0.58,0.5260416666666666,0.5285714285714286,0.525101763907734,0.6428571428571428,0.7678480499680291
C1QTNF2---Cluster1,0.56,0.4851190476190476,0.4916666666666667,0.4543650793650793,0.49,0.41461275739042375
C1S---Cluster1,0.74,0.549645390070922,0.5153508771929824,0.4901960784313725,0.5811403508771931,0.8084843581474439
C20orf195---Cluster2,0.74,0.6428571428571428,0.5997920997920998,0.6081977094635322,0.7130977130977131,0.8525083776925437
C3orf15,0.78,0.3979591836734694,0.4875,0.43820224719101125,0.62,0.2912287712287712
C3orf52---Cluster1,0.62,0.6265597147950089,0.6137820512820513,0.6072757337742869,0.6971153846153847,0.6794566269443792
C4orf39,0.7,0.35714285714285715,0.4861111111111111,0.4117647058823529,0.46825396825396826,0.3225911697636384
C5orf25,0.5,0.5048701298701299,0.5048309178743962,0.49979991996798717,0.47665056360708535,0.5379548851428974
C5orf32---Cluster1,0.7,0.35,0.5,0.4117647058823529,0.49714285714285716,0.30409270219796536
C6orf141---Cluster1,0.76,0.3877551020408163,0.48717948717948717,0.43181818181818177,0.62004662004662,0.8082768844056
C6orf15,0.64,0.6386946386946387,0.5977011494252873,0.5863970588235293,0.5435139573070609,0.6374992425172262
C6orf57---Cluster1,0.8,0.4,0.5,0.4444444444444445,0.64,0.30846123543629533
C7orf23,0.74,0.6304347826086957,0.5498960498960499,0.5393338058114813,0.5945945945945945,0.8118542825500632
C7orf31,0.62,0.6302083333333333,0.62,0.6124031007751938,0.6208,0.6741205777092861
C7orf46---Cluster1,0.64,0.4356060606060606,0.4662698412698413,0.4375,0.6031746031746031,0.8108274502944777
C8orf38---Cluster1,0.66,0.5909090909090908,0.5427807486631016,0.5200451722190852,0.6221033868092691,0.7159419479138537
C8orf79,0.72,0.375,0.47368421052631576,0.4186046511627907,0.5745614035087719,0.8161764387108643
C9orf167---Cluster1,0.58,0.5773809523809523,0.5628019323671498,0.5495495495495495,0.6553945249597423,0.7151477429324178
C9orf40---Cluster2,0.46,0.45566502463054187,0.4567307692307692,0.4545454545454545,0.4575320512820513,0.522492475326987
C9orf68,0.76,0.3877551020408163,0.48717948717948717,0.43181818181818177,0.6666666666666667,0.8485114524436925
C9orf89---Cluster2,0.74,0.7083333333333333,0.6047619047619047,0.6081977094635321,0.7104761904761905,0.47990758532634964
CA3---Cluster1,0.66,0.489159891598916,0.49122807017543857,0.4876431585292345,0.4155701754385964,0.7168100593807729
CACNG2---Cluster2,0.68,0.5880758807588076,0.5619047619047619,0.5614035087719298,0.5333333333333333,0.3536760984587071
CALCRL,0.64,0.46195652173913043,0.48713235294117646,0.4375,0.4411764705882353,0.30146256851613995
CAP2,0.6,0.48026315789473684,0.48214285714285715,0.4802494802494803,0.5128968253968254,0.7813759480160312
CAPG,0.8,0.711111111111111,0.6107226107226107,0.6279761904761905,0.6911421911421911,0.8715277757090021
CARD9---Cluster1,0.76,0.6354166666666667,0.5285087719298246,0.5016611295681063,0.6293859649122807,0.8395375164423291
CCDC65,0.68,0.5880758807588076,0.5619047619047619,0.5614035087719298,0.6266666666666667,0.7955127534148438
CCR1,0.64,0.625,0.625,0.625,0.6883333333333334,0.7718792624364202
CCR7,0.62,0.4858156028368794,0.4965277777777778,0.4273658830620856,0.4704861111111111,0.6301848776435303
CD248,0.72,0.8541666666666667,0.5625,0.5257452574525745,0.5827205882352942,0.7540150376049266
CD300LF,0.6,0.5916666666666667,0.5892857142857143,0.5894909688013137,0.6793831168831169,0.7296587178169724
CD4,0.7,0.6190476190476191,0.5761904761904761,0.5765104460756635,0.6647619047619048,0.8360617590385496
CD44---Cluster2,0.7,0.3645833333333333,0.47297297297297297,0.4117647058823529,0.5509355509355509,0.30427285712999996
CD48,0.78,0.39,0.5,0.43820224719101125,0.6783216783216782,0.8874324957214275
CD83---Cluster1,0.78,0.5709219858156028,0.525,0.5137046861184792,0.6275,0.8695422658476156
CD93---Cluster1,0.76,0.6413043478260869,0.5570175438596491,0.5535714285714286,0.5789473684210527,0.8262870490126455
CEBPD---Cluster1,0.7,0.7224532224532225,0.6737012987012987,0.6703296703296704,0.7353896103896104,0.6992256650458105
CEBPG---Cluster1,0.66,0.5033222591362125,0.501984126984127,0.48764315852923446,0.4484126984126984,0.27998552459245807
CHAC1---Cluster1,0.56,0.541871921182266,0.5432937181663837,0.5416666666666666,0.6553480475382004,0.7659826409527251
CHAF1B,0.5,0.46691176470588236,0.47044334975369456,0.4637494637494637,0.5599343185550082,0.7079044221260817
CHI3L2---Cluster1,0.62,0.6434511434511434,0.6105769230769231,0.5924495924495925,0.6923076923076922,0.6721136795773589
CHL1,0.56,0.5340909090909092,0.5146103896103896,0.4543650793650794,0.4188311688311689,0.5306008321638539
CHRNA9---Cluster1,0.62,0.6198686371100164,0.6169871794871795,0.6161616161616161,0.5961538461538461,0.5919522108344073
CIB2,0.66,0.5862470862470862,0.5680147058823529,0.5687468290208016,0.6213235294117646,0.778362584275429
CIITA---Cluster1,0.82,0.9081632653061225,0.55,0.5403472931562819,0.6725,0.8437970040863602
CISH,0.64,0.8163265306122449,0.5263157894736842,0.4375,0.5517826825127334,0.46885270735961
CLDN1,0.58,0.5625,0.5591133004926109,0.5586380832282472,0.5467980295566504,0.6119488845977115
CLEC12A,0.64,0.3404255319148936,0.45714285714285713,0.39024390243902435,0.5314285714285714,0.699300985452274
CLEC2B---Cluster1,0.66,0.7010869565217391,0.5628183361629882,0.5200451722190853,0.5483870967741935,0.6414903898608827
CLN6---Cluster3,0.8,0.65625,0.5375,0.5265151515151515,0.7224999999999999,0.9070539979990926
CMBL---Cluster1,0.84,0.42,0.5,0.4565217391304348,0.34226190476190477,0.1353657140788957
COL12A1---Cluster1,0.52,0.44841269841269843,0.4548611111111111,0.4485294117647059,0.5243055555555556,0.7217425309458856
COL6A1---Cluster2,0.62,0.5208333333333333,0.5124777183600713,0.4933333333333333,0.5980392156862746,0.47165494037357203
COL8A1,0.5,0.5,0.5,0.4505494505494506,0.4896,0.4969365225870077
COLEC11---Cluster1,0.62,0.6401515151515151,0.5607553366174056,0.5180111618467782,0.5796387520525452,0.597862062239153
CPA4---Cluster1,0.76,0.5271739130434783,0.5125000000000001,0.5016611295681063,0.4425,0.8079504566449804
CPA6,0.74,0.3854166666666667,0.47435897435897434,0.42528735632183906,0.5524475524475525,0.8227172497004164
CROT---Cluster2,0.82,0.5921985815602837,0.5386904761904762,0.5403472931562819,0.5520833333333333,0.8701915891132423
CSRP1---Cluster1,0.72,0.6361746361746362,0.6361746361746362,0.6361746361746362,0.6528066528066527,0.8174760580278744
CTSC,0.58,0.5555555555555556,0.5459770114942528,0.5384615384615385,0.5960591133004927,0.6559242658993139
CUL1,0.7,0.3804347826086957,0.44871794871794873,0.4117647058823529,0.682983682983683,0.8757665561525827
CYP2S1---Cluster2,0.48,0.487012987012987,0.487012987012987,0.4799999999999999,0.4431818181818182,0.5611508430818368
CYP7B1,0.64,0.46195652173913043,0.48713235294117646,0.4375,0.4779411764705882,0.73418885052718
CYR61,0.66,0.33,0.5,0.39759036144578314,0.6568627450980392,0.4720773486474184
DCHS1---Cluster1,0.56,0.4851190476190476,0.4916666666666667,0.4543650793650793,0.4966666666666667,0.4058940171142062
DCTD---Cluster1,0.78,0.6926910299003322,0.6271929824561403,0.6426250812215724,0.6348684210526316,0.8166863604812294
DDX43,0.68,0.5013550135501355,0.5011655011655012,0.5,0.43822843822843827,0.7539148460285298
DEDD2---Cluster1,0.78,0.6458333333333333,0.5326340326340326,0.5137046861184792,0.6456876456876457,0.8343352331689209
DEPDC1---Cluster1,0.8,0.65625,0.5375,0.5265151515151515,0.7,0.34326016548810667
DHX58,0.66,0.66,0.6736111111111112,0.6532027743778049,0.6354166666666667,0.7587531228351138
DIRAS3---Cluster1,0.6,0.6,0.5369458128078818,0.4802494802494802,0.67816091954023,0.7690620192234389
DMBX1,0.78,0.39,0.5,0.43820224719101125,0.6386946386946387,0.8361847130605272
DNMT3A---Cluster2,0.64,0.49169435215946844,0.4952380952380952,0.4755244755244755,0.5304761904761905,0.7372267035104445
DOK2,0.78,0.8829787234042553,0.6071428571428571,0.6102055279943303,0.6805555555555556,0.8401792454100985
DOK5---Cluster1,0.72,0.375,0.47368421052631576,0.4186046511627907,0.6337719298245614,0.8530180713224197
DPP7---Cluster1,0.74,0.5,0.5,0.49019607843137253,0.6525,0.8670157458384851
DSE---Cluster1,0.72,0.3673469387755102,0.4864864864864865,0.41860465116279066,0.4449064449064449,0.7377460243945773
DUSP1---Cluster2,0.76,0.3877551020408163,0.48717948717948717,0.43181818181818177,0.4731934731934732,0.7824322205444514
DUSP23,0.72,0.3673469387755102,0.4864864864864865,0.41860465116279066,0.525987525987526,0.30540760342196127
EFCAB1---Cluster1,0.68,0.7119565217391304,0.5677083333333334,0.5337995337995338,0.48003472222222227,0.6396668908294586
EFEMP1---Cluster1,0.74,0.6096345514950166,0.5723684210526316,0.5776478232618583,0.6962719298245614,0.8822424460059116
EFEMP2---Cluster1,0.68,0.5555555555555556,0.5238095238095238,0.5,0.44285714285714284,0.7338608068485057
EFNB2---Cluster1,0.56,0.4851190476190476,0.4916666666666667,0.4543650793650793,0.6116666666666667,0.4771091460029804
EGLN2---Cluster1,0.58,0.6428571428571429,0.625,0.5757575757575758,0.7166666666666668,0.8361106641793065
EHD2---Cluster2,0.72,0.5390070921985816,0.5114345114345115,0.4791666666666667,0.45530145530145527,0.7273697665708652
EHD3---Cluster2,0.62,0.6401515151515151,0.5607553366174056,0.5180111618467782,0.6157635467980296,0.5843593539318517
ELL3---Cluster1,0.46,0.44480519480519476,0.44227504244482174,0.44191814799503926,0.42359932088285224,0.6026455656627421
EMILIN2---Cluster2,0.56,0.4568764568764569,0.46702317290552586,0.45436507936507936,0.4224598930481283,0.3107097228712271
EMP2---Cluster1,0.54,0.7553191489361701,0.5576923076923077,0.44147644487615345,0.6586538461538461,0.7121811873855384
EMP3---Cluster1,0.84,0.9183673469387755,0.5555555555555556,0.5555555555555556,0.6937669376693767,0.9150105798217629
ENG---Cluster1,0.72,0.36,0.5,0.41860465116279066,0.6448412698412699,0.8045385233803187
EPHA2---Cluster1,0.7,0.3645833333333333,0.47297297297297297,0.4117647058823529,0.5925155925155925,0.8116922217210023
EREG---Cluster2,0.72,0.36,0.5,0.41860465116279066,0.5873015873015873,0.7961867338784545
ERRFI1,0.76,0.738045738045738,0.7040998217468806,0.7142857142857142,0.7593582887700535,0.6283667236262392
EYA2---Cluster2,0.44,0.4363929146537842,0.4363929146537842,0.4363929146537842,0.41304347826086957,0.40498833479194646
F13A1---Cluster1,0.62,0.5625,0.5101867572156197,0.4273658830620856,0.5874363327674025,0.6781849519202798
F2RL2---Cluster1,0.76,0.7554347826086957,0.5932539682539683,0.5934959349593496,0.7222222222222222,0.8700419740343037
FAH---Cluster1,0.76,0.681063122923588,0.6133056133056134,0.625,0.7463617463617463,0.906582177412256
FAIM---Cluster1,0.72,0.375,0.47368421052631576,0.4186046511627907,0.462719298245614,0.7691892069190891
FAIM3---Cluster1,0.64,0.34782608695652173,0.4444444444444444,0.3902439024390244,0.5833333333333333,0.7892606924384549
FAM111A,0.76,0.3877551020408163,0.48717948717948717,0.43181818181818177,0.6037296037296038,0.3003233066095735
FAM114A1---Cluster2,0.66,0.44352159468438535,0.46271929824561403,0.4476933073424301,0.4243421052631578,0.7335851987551882
FAM124B---Cluster1,0.7,0.625,0.5952380952380952,0.6,0.6961904761904761,0.8458805838389964
FAM19A3---Cluster2,0.5,0.4184149184149184,0.44166666666666665,0.415614773258532,0.45499999999999996,0.5961455086265471
FAM3C,0.68,0.5177304964539007,0.5047619047619047,0.4579945799457995,0.5561904761904761,0.7491761740728017
FAM50B,0.68,0.3469387755102041,0.4857142857142857,0.4047619047619047,0.6133333333333333,0.8032093949195969
FAM89A---Cluster1,0.56,0.575,0.573051948051948,0.5592948717948718,0.612012987012987,0.6348660953920748
FBXO17---Cluster1,0.68,0.3541666666666667,0.4722222222222222,0.4047619047619048,0.5615079365079365,0.7534566372241039
FBXO4---Cluster1,0.7,0.47777777777777775,0.48903508771929827,0.4684620836286322,0.5175438596491229,0.770427189850361
FBXO6---Cluster1,0.48,0.48,0.47987117552334946,0.47916666666666663,0.43478260869565216,0.48926939917120976
FGF1---Cluster1,0.74,0.7083333333333333,0.6047619047619047,0.6081977094635321,0.7352380952380952,0.8433127999506336
FGFBP2,0.58,0.5665584415584416,0.5696095076400679,0.565936337329475,0.6341256366723259,0.6022650337278819
FHL3---Cluster1,0.76,0.41304347826086957,0.4523809523809524,0.4318181818181818,0.6011904761904762,0.9002391751257668
FHOD1,0.76,0.3877551020408163,0.48717948717948717,0.43181818181818177,0.6317016317016317,0.3317288522326518
FIBIN,0.42,0.4114331723027375,0.4083333333333333,0.4084047327621379,0.3833333333333333,0.3348244102907289
FKBP5---Cluster1,0.56,0.4568764568764569,0.46702317290552586,0.45436507936507936,0.5775401069518717,0.7364469020170543
FKBP9---Cluster1,0.78,0.5709219858156028,0.525,0.5137046861184792,0.47000000000000003,0.7720576250364876
FLNB---Cluster1,0.72,0.36,0.5,0.41860465116279066,0.44246031746031744,0.30662144330557806
FLNC---Cluster1,0.68,0.5303030303030303,0.5158730158730158,0.5,0.435515873015873,0.7227276965946623
FN1---Cluster1,0.7,0.6765704584040747,0.6805555555555556,0.6782496782496783,0.6458333333333334,0.7150086414864896
FNDC3B---Cluster1,0.62,0.5625,0.5101867572156197,0.4273658830620856,0.6196943972835314,0.6971597638621108
FOXD1---Cluster1,0.62,0.6333333333333333,0.6121794871794872,0.6006725514922238,0.5408653846153846,0.5521105041772709
FOXJ1---Cluster1,0.8,0.4,0.5,0.4444444444444445,0.595,0.867725723797738
FSTL1---Cluster1,0.7,0.3804347826086957,0.44871794871794873,0.4117647058823529,0.5407925407925408,0.7877120593568787
FUCA2,0.62,0.6666666666666667,0.6629881154499151,0.6198479391756703,0.7215619694397284,0.7943753855232353
FXYD1,0.76,0.7163120567375887,0.5634095634095635,0.5535714285714286,0.6133056133056133,0.8287544976630257
FZD6---Cluster1,0.66,0.5070921985815603,0.5018382352941176,0.4476933073424302,0.6911764705882353,0.8360395114259805
FZD7,0.74,0.37755102040816324,0.4868421052631579,0.4252873563218391,0.6140350877192983,0.33901099800076784
GAL3ST4---Cluster2,0.66,0.6337719298245614,0.6035653650254669,0.6026180458158019,0.5942275042444822,0.6879422758262024
GALC,0.48,0.40131578947368424,0.425,0.4025735294117648,0.5133333333333333,0.4504399474118976
GALM,0.7,0.4945652173913043,0.497920997920998,0.4684620836286321,0.5634095634095635,0.775557911461654
GALNT14---Cluster1,0.7,0.6086956521739131,0.5380952380952381,0.5126705653021443,0.64,0.45150129595891036
GALNT5---Cluster1,0.8,0.7771739130434783,0.611842105263158,0.6279761904761905,0.8004385964912281,0.8897126071445675
GALR1---Cluster2,0.66,0.34375,0.4714285714285714,0.39759036144578314,0.5142857142857142,0.3338104571893711
GAS2L3,0.7,0.3723404255319149,0.4605263157894737,0.41176470588235287,0.5635964912280701,0.32866302792181606
GBE1---Cluster1,0.64,0.5760869565217391,0.5243055555555556,0.4755244755244755,0.4913194444444444,0.6789051928062705
GBP3,0.7,0.4945652173913043,0.497920997920998,0.4684620836286321,0.6008316008316008,0.7838207246061887
GBP4---Cluster1,0.52,0.5208333333333333,0.5208333333333333,0.52,0.5881410256410257,0.6259776716196311
GCH1---Cluster1,0.5,0.4714285714285714,0.47564935064935066,0.4637494637494637,0.6233766233766234,0.5296766016682363
GDF15---Cluster2,0.62,0.7121212121212122,0.5901771336553945,0.5386109762020398,0.5748792270531401,0.6513031722741556
GFPT2---Cluster1,0.68,0.618421052631579,0.5992647058823529,0.6031746031746031,0.7288602941176471,0.4876646119580902
GHDC---Cluster1,0.58,0.49702380952380953,0.49830220713073003,0.4672754946727549,0.5568760611205433,0.6301770886292971
GNG12,0.78,0.3979591836734694,0.4875,0.43820224719101125,0.6387499999999999,0.2738119478560655
GNPNAT1,0.76,0.38,0.5,0.4318181818181818,0.4429824561403509,0.3326335428229609
GPD1---Cluster1,0.54,0.53125,0.5289855072463768,0.5245969408846631,0.5877616747181964,0.513446602782166
GPNMB---Cluster1,0.66,0.44352159468438535,0.46271929824561403,0.4476933073424301,0.5230263157894737,0.792299183815723
GPR128,0.82,0.9081632653061225,0.55,0.5403472931562819,0.7675,0.9234814769031997
GPR17---Cluster1,0.84,0.42,0.5,0.4565217391304348,0.42857142857142855,0.7881146238419383
GPR176,0.66,0.6188811188811189,0.5885416666666666,0.587178241864983,0.673611111111111,0.8147937234197066
GPR180---Cluster2,0.7,0.6086956521739131,0.5380952380952381,0.5126705653021443,0.6285714285714286,0.7720280815936383
GPR27,0.72,0.6991869918699187,0.6310160427807486,0.6361746361746362,0.803921568627451,0.6074231103383352
GZMB---Cluster1,0.64,0.6504065040650406,0.5911330049261083,0.5714285714285714,0.5763546798029557,0.6083757178829746
H1F0,0.66,0.5833333333333333,0.5142602495543672,0.4476933073424301,0.5436720142602496,0.7188991673176868
HAND2---Cluster2,0.56,0.5633116883116883,0.5625,0.5592948717948718,0.5592948717948718,0.6132490461553711
HDDC3,0.78,0.39,0.5,0.43820224719101125,0.5442890442890443,0.2636735953432868
HERC5,0.62,0.508130081300813,0.5055147058823529,0.4933333333333334,0.5772058823529411,0.4136692390753755
HFE,0.8,0.65625,0.5375,0.5265151515151515,0.6224999999999999,0.8421053667719536
HGF---Cluster1,0.52,0.5265700483091788,0.5270935960591133,0.5192307692307692,0.5673234811165846,0.6422654196885839
HIST1H2BH---Cluster1,0.64,0.506578947368421,0.506578947368421,0.506578947368421,0.5427631578947368,0.815374198939378
HIST1H2BJ---Cluster1,0.66,0.525,0.5207900207900208,0.5200451722190852,0.5446985446985446,0.759256284762605
HIST1H2BK---Cluster3,0.78,0.39,0.5,0.43820224719101125,0.6177156177156177,0.30754553394505546
HIST1H4J,0.56,0.5525846702317291,0.5475040257648953,0.5416666666666667,0.5475040257648953,0.48718616763559547
HOPX---Cluster1,0.82,0.90625,0.5909090909090909,0.6021220159151194,0.7808857808857809,0.9322256997054769
HOXB9---Cluster2,0.54,0.5336538461538461,0.5374331550802138,0.5245969408846631,0.5383244206773619,0.7076149143163715
HOXC10---Cluster1,0.76,0.6413043478260869,0.5570175438596491,0.5535714285714286,0.43969298245614036,0.7201943019781892
HPD---Cluster1,0.78,0.8854166666666667,0.5769230769230769,0.5686274509803921,0.7546777546777547,0.8962037546629409
HPDL---Cluster1,0.64,0.5081585081585082,0.5072765072765073,0.506578947368421,0.5051975051975052,0.7811167978352358
HPS1---Cluster1,0.74,0.37755102040816324,0.4868421052631579,0.4252873563218391,0.4342105263157895,0.736831136376731
HPS3---Cluster1,0.78,0.7269503546099291,0.5701754385964912,0.5686274509803921,0.6995614035087719,0.855095224008803
HRASLS,0.52,0.5520833333333333,0.55,0.5192307692307692,0.5516666666666666,0.6646487366171816
HS3ST3B1---Cluster2,0.62,0.6051587301587301,0.5870279146141215,0.5824175824175823,0.548440065681445,0.5140587044131645
HSD17B7P2---Cluster1,0.6,0.7959183673469388,0.5238095238095238,0.4172494172494173,0.458128078817734,0.4686930609115035
HSD3B7---Cluster1,0.58,0.5756843800322061,0.5762987012987013,0.5757575757575757,0.6396103896103895,0.541943263195518
HSPA1A---Cluster1,0.62,0.3229166666666667,0.4696969696969697,0.38271604938271603,0.3850267379679145,0.298470311988982
HSPB2---Cluster2,0.72,0.5390070921985816,0.5114345114345115,0.4791666666666667,0.6070686070686071,0.7874103395930557
HSPB6,0.68,0.6686507936507937,0.6416666666666667,0.64349376114082,0.61,0.6423933723824646
HYAL2---Cluster1,0.58,0.3958333333333333,0.43333333333333335,0.40711462450592883,0.4695238095238095,0.7150902860179759
IFI44,0.74,0.37,0.5,0.42528735632183906,0.7110187110187111,0.8721067799181847
IFIH1---Cluster1,0.74,0.6777777777777778,0.5793650793650793,0.5776478232618584,0.6150793650793651,0.8188490416056304
IFITM2,0.64,0.5795454545454546,0.5364583333333334,0.506578947368421,0.6319444444444444,0.7194332110714878
IGF2BP3---Cluster1,0.64,0.6386946386946387,0.5977011494252873,0.5863970588235293,0.6896551724137931,0.6559252165793943
IGFBP5---Cluster2,0.74,0.37755102040816324,0.4868421052631579,0.4252873563218391,0.5230263157894737,0.26117642441739286
IGFBP6---Cluster3,0.78,0.39,0.5,0.43820224719101125,0.47086247086247085,0.7748102638285806
IL17B---Cluster1,0.7,0.47777777777777775,0.48903508771929827,0.4684620836286322,0.5657894736842106,0.7973015354124022
IL1R2,0.74,0.37,0.5,0.42528735632183906,0.4729729729729729,0.7084677205947841
IL2RA---Cluster1,0.7,0.5416666666666666,0.5228690228690229,0.5126705653021442,0.5821205821205822,0.8062424550177667
IL2RG---Cluster1,0.6,0.44021739130434784,0.4809027777777778,0.4172494172494173,0.5590277777777778,0.4001648027332684
IL32,0.66,0.6827242524916943,0.5916666666666667,0.5687468290208016,0.595,0.6487905348302444
ILVBL---Cluster1,0.5,0.5243055555555556,0.5229885057471264,0.4981934965877158,0.5106732348111659,0.6538309314302427
IMPACT---Cluster1,0.8,0.5815602836879432,0.5311653116531165,0.5265151515151515,0.5528455284552846,0.8540158065046245
IRAK3---Cluster1,0.74,0.37755102040816324,0.4868421052631579,0.4252873563218391,0.5679824561403508,0.8118157962301658
IRF1,0.64,0.6222222222222222,0.5466893039049235,0.506578947368421,0.6519524617996605,0.5300094012193577
IRF7---Cluster2,0.6,0.5520833333333333,0.5083333333333333,0.4172494172494172,0.5433333333333333,0.4456806843911969
ISG20,0.76,0.3877551020408163,0.48717948717948717,0.43181818181818177,0.5501165501165501,0.8362224362084656
ISYNA1---Cluster1,0.64,0.3333333333333333,0.47058823529411764,0.39024390243902435,0.5882352941176471,0.7527083468921474
ITGA4,0.58,0.32222222222222224,0.4264705882352941,0.3670886075949367,0.34558823529411764,0.2788085509838679
ITGB4---Cluster2,0.78,0.39,0.5,0.43820224719101125,0.5617715617715617,0.3324384031240758
ITGB5,0.52,0.5144230769230769,0.515625,0.5073891625615764,0.532986111111111,0.7638728693284531
ITGB7,0.84,0.42,0.5,0.4565217391304348,0.6398809523809524,0.8985652149850761
ITGBL1---Cluster1,0.68,0.3617021276595745,0.4594594594594595,0.40476190476190477,0.3846153846153846,0.7193097710944301
JUP,0.56,0.5863095238095238,0.5464743589743589,0.4944852941176471,0.6217948717948718,0.5972582734636036
KCNA4---Cluster1,0.54,0.5145530145530146,0.5113636363636364,0.4945054945054945,0.4464285714285714,0.4596517470479845
KCNE1L---Cluster1,0.52,0.5415959252971138,0.5402298850574713,0.5192307692307692,0.5722495894909688,0.6141543314057973
KCNE3---Cluster1,0.7,0.6843971631205674,0.5477941176470589,0.5126705653021443,0.6341911764705882,0.7232401160997427
KCNIP3---Cluster2,0.7,0.3645833333333333,0.47297297297297297,0.4117647058823529,0.5966735966735968,0.32296596737871575
KCTD4,0.72,0.375,0.47368421052631576,0.4186046511627907,0.4736842105263158,0.23593336443575152
KCTD9---Cluster1,0.66,0.47282608695652173,0.49047619047619045,0.4476933073424301,0.6247619047619049,0.8081556952051228
KDELR3---Cluster1,0.7,0.7202380952380952,0.6256366723259762,0.619482496194825,0.5551782682512734,0.6253968820912357
KIAA0040---Cluster1,0.5,0.47860962566844917,0.48051948051948057,0.47456914670029426,0.4853896103896104,0.5844641393752569
KIAA1377,0.64,0.34782608695652173,0.4444444444444444,0.3902439024390244,0.4781746031746032,0.26993073318763816
KLHL6---Cluster1,0.72,0.3673469387755102,0.4864864864864865,0.41860465116279066,0.5623700623700624,0.7891009080758504
LAMA2,0.54,0.5450885668276972,0.5454545454545454,0.5398159263705482,0.5633116883116882,0.6311293222385848
LAMA4---Cluster1,0.52,0.4670138888888889,0.4650735294117647,0.4652406417112299,0.5183823529411764,0.7539913684782944
LAMC1,0.56,0.2857142857142857,0.4827586206896552,0.358974358974359,0.5073891625615763,0.4281516149937203
LATS2---Cluster1,0.78,0.8877551020408163,0.5416666666666666,0.5137046861184792,0.6995614035087719,0.8246400381570022
LCTL---Cluster2,0.58,0.5788177339901477,0.5769230769230769,0.5757575757575757,0.5657051282051282,0.5039078992963579
LDHA---Cluster1,0.64,0.6215277777777778,0.6166666666666667,0.6179966044142614,0.705,0.8096602553841445
LGALS1,0.54,0.5059523809523809,0.5049261083743842,0.4945054945054945,0.5706075533661741,0.4584036689189912
LGALS8,0.78,0.3979591836734694,0.4875,0.43820224719101125,0.615,0.8481673206722313
LHFPL2---Cluster1,0.72,0.375,0.47368421052631576,0.4186046511627907,0.48464912280701755,0.8059314088872239
LIF---Cluster2,0.74,0.7239583333333333,0.7190152801358234,0.7211497211497211,0.7215619694397283,0.8082447842932052
LIMD1---Cluster1,0.72,0.5054347826086957,0.5021929824561403,0.47916666666666663,0.5942982456140351,0.8128873608899214
LITAF,0.46,0.45039682539682535,0.46,0.43253467843631777,0.5232000000000001,0.5724792842210882
LMCD1---Cluster1,0.76,0.41304347826086957,0.4523809523809524,0.4318181818181818,0.6636904761904762,0.9256357428227258
LMNA---Cluster1,0.74,0.7113821138211383,0.6433823529411764,0.6533333333333333,0.744485294117647,0.5963090135376319
LMO2,0.68,0.3617021276595745,0.4594594594594595,0.40476190476190477,0.5966735966735967,0.8095972504138303
LOXL2---Cluster2,0.66,0.6964285714285714,0.6083743842364532,0.587178241864983,0.5287356321839081,0.6200397984206882
LOXL3---Cluster1,0.8,0.65625,0.5375,0.5265151515151515,0.6575,0.8337920571952876
LRRC32,0.6,0.4825174825174825,0.48571428571428577,0.48024948024948017,0.4514285714285714,0.7245635855553849
LRRC4,0.76,0.6354166666666667,0.5285087719298246,0.5016611295681063,0.6041666666666667,0.400287522859578
LRRC8E,0.68,0.5177304964539007,0.5047619047619047,0.4579945799457995,0.6647619047619047,0.8017812594645284
LRRFIP1---Cluster1,0.76,0.7554347826086957,0.5932539682539683,0.5934959349593496,0.6785714285714286,0.8048862658524517
LUM,0.66,0.6619047619047619,0.637987012987013,0.6353496353496353,0.6152597402597403,0.5420196490112758
LXN---Cluster1,0.76,0.8775510204081632,0.5384615384615384,0.5016611295681063,0.5966735966735967,0.7991830356127567
LY6E---Cluster1,0.8,0.4,0.5,0.4444444444444445,0.46249999999999997,0.802113145073702
LY75---Cluster1,0.74,0.37,0.5,0.42528735632183906,0.6070686070686071,0.8236875903522676
LYN,0.76,0.3958333333333333,0.475,0.43181818181818177,0.5700000000000001,0.8541745066021911
LYPD5,0.54,0.5373514431239388,0.5352564102564102,0.5308037535699714,0.4807692307692308,0.5292464528513857
LYSMD4,0.44,0.3471933471933472,0.37521222410865873,0.3566176470588235,0.3565365025466892,0.34601477369038963
LYZ,0.66,0.8229166666666667,0.5526315789473684,0.48764315852923446,0.6281833616298812,0.749144696298081
MAB21L1,0.62,0.45108695652173914,0.4839572192513369,0.4273658830620856,0.5828877005347595,0.7731289328778334
MAGEC2,0.48,0.48333333333333334,0.48397435897435903,0.4766505636070854,0.47676282051282054,0.5177664900649863
MAGEE2---Cluster1,0.7,0.846938775510204,0.53125,0.46846208362863223,0.568014705882353,0.7832226057905888
MAP3K6---Cluster1,0.7,0.846938775510204,0.53125,0.46846208362863223,0.6158088235294117,0.4803056755928975
MARVELD1---Cluster1,0.7,0.846938775510204,0.53125,0.46846208362863223,0.7095588235294118,0.6154999534615524
MCM2---Cluster1,0.8,0.4,0.5,0.4444444444444445,0.705,0.8792593026755935
MEOX2,0.68,0.8297872340425532,0.5789473684210527,0.5337995337995338,0.6926994906621391,0.781045880753334
MESDC1---Cluster2,0.78,0.40625,0.47560975609756095,0.43820224719101125,0.5176151761517616,0.8330929902415054
MET---Cluster1,0.8,0.6630434782608696,0.575,0.584717607973422,0.675,0.8750771596801832
MFNG---Cluster2,0.7,0.6869918699186992,0.6197916666666666,0.6194824961948249,0.6059027777777777,0.7164558784505697
MFSD7---Cluster1,0.7,0.35714285714285715,0.4861111111111111,0.4117647058823529,0.5297619047619048,0.8038500005119595
MICB,0.7,0.3977272727272727,0.4268292682926829,0.4117647058823529,0.4037940379403794,0.16016732616683116
MINA,0.48,0.43566176470588236,0.44166666666666665,0.4357638888888889,0.41833333333333333,0.40754455134937784
MIPOL1---Cluster1,0.74,0.37755102040816324,0.4868421052631579,0.4252873563218391,0.47149122807017546,0.23945362465661202
MLH3,0.7,0.6586452762923352,0.6636029411764706,0.66078697421981,0.7297794117647058,0.8304570615468337
MMP2---Cluster1,0.72,0.3829787234042553,0.46153846153846156,0.4186046511627907,0.5174825174825175,0.801086005749305
MMP9---Cluster1,0.72,0.375,0.47368421052631576,0.4186046511627907,0.493421052631579,0.7804049210414732
MOSC2,0.7,0.47777777777777775,0.48903508771929827,0.4684620836286322,0.5877192982456141,0.8032291605799626
MOXD1,0.52,0.5008488964346349,0.5008210180623973,0.5,0.5082101806239738,0.6177232801335124
MPZ---Cluster1,0.62,0.3229166666666667,0.4696969696969697,0.38271604938271603,0.3957219251336898,0.6301156639384307
MR1,0.68,0.3541666666666667,0.4722222222222222,0.4047619047619048,0.621031746031746,0.8440458171607397
MRPL41,0.7,0.35,0.5,0.4117647058823529,0.4647619047619048,0.7086183815369359
MS4A6A,0.62,0.5208333333333333,0.5124777183600713,0.4933333333333333,0.5427807486631016,0.6840167990380114
MT2A---Cluster2,0.68,0.3469387755102041,0.4857142857142857,0.4047619047619047,0.6628571428571428,0.8098638994608344
MT3---Cluster1,0.58,0.4956140350877193,0.4964349376114082,0.4900437105390966,0.4937611408199644,0.6569268922300859
MX1,0.74,0.625,0.524948024948025,0.4901960784313726,0.6008316008316008,0.8213439884815719
MYBL2---Cluster1,0.76,0.38,0.5,0.4318181818181818,0.5723684210526316,0.7732690146895606
MYO1C,0.62,0.8020833333333333,0.5476190476190477,0.46357989836250707,0.7586206896551724,0.7408408463144597
N6AMT2,0.4,0.4025764895330113,0.4025764895330113,0.39999999999999997,0.4138486312399356,0.44831843711912145
NAGA---Cluster2,0.62,0.5208333333333333,0.5124777183600713,0.4933333333333333,0.6666666666666666,0.8228621920321435
NANP,0.62,0.5652173913043479,0.5203735144312394,0.46357989836250707,0.5738539898132428,0.4470755005069204
NCAPD2---Cluster1,0.76,0.3877551020408163,0.48717948717948717,0.43181818181818177,0.36596736596736595,0.7191289631227973
NCAPH---Cluster1,0.68,0.7119565217391304,0.5677083333333334,0.5337995337995338,0.6336805555555556,0.7350725783938044
NCKAP1L---Cluster1,0.9,0.9489795918367347,0.5833333333333334,0.6159754224270353,0.6818181818181818,0.9514563228058752
NDUFA12---Cluster2,0.72,0.8571428571428572,0.5333333333333333,0.47916666666666663,0.39999999999999997,0.6643979107568043
NDUFS5---Cluster1,0.62,0.5833333333333333,0.5713073005093379,0.5703301673450927,0.634974533106961,0.5227492909598792
NEK11---Cluster1,0.62,0.62,0.625,0.6161616161616162,0.645,0.7595589247083007
NFATC4---Cluster1,0.6,0.575,0.578125,0.5755517826825127,0.6180555555555556,0.7384794400865101
NFE2L3---Cluster2,0.78,0.7599206349206349,0.7335115864527629,0.7428705002337541,0.802139037433155,0.9057119248149961
NHLH1---Cluster1,0.68,0.8260869565217391,0.6,0.5614035087719298,0.5966666666666667,0.6453764531567362
NINJ1---Cluster1,0.56,0.5109649122807017,0.5083333333333333,0.494485294117647,0.5800000000000001,0.6691059189107571
NIPSNAP3A,0.6,0.5619047619047619,0.5551782682512734,0.5543672014260249,0.5908319185059423,0.7222412434519501
NLGN2---Cluster1,0.62,0.5279720279720279,0.5220588235294117,0.5180111618467782,0.5045955882352942,0.3624015517596702
NLGN2---Cluster2,0.52,0.52,0.5205254515599343,0.5169082125603865,0.5016420361247947,0.4434032840064408
NME3---Cluster1,0.74,0.3854166666666667,0.47435897435897434,0.42528735632183906,0.4568764568764569,0.22239064713673656
NMI---Cluster1,0.66,0.5857142857142857,0.5892857142857143,0.5871782418649831,0.5654761904761905,0.3464052579447775
NMUR1---Cluster1,0.62,0.5716911764705883,0.5695187165775402,0.5703301673450928,0.5374331550802139,0.6895849513869853
NNAT,0.78,0.8877551020408163,0.5416666666666666,0.5137046861184792,0.6381578947368421,0.8344624818331166
NNMT,0.52,0.5238095238095237,0.52,0.5,0.4864,0.5004687951409179
NOD1,0.56,0.56,0.56,0.56,0.5776,0.5274533212274011
NOTCH3---Cluster1,0.7,0.7059800664451827,0.6076388888888888,0.6000000000000001,0.640625,0.7086747765220739
NQO1---Cluster1,0.5,0.4219858156028369,0.4823717948717949,0.36580416032470825,0.6185897435897436,0.5520332522203368
NRN1---Cluster2,0.62,0.45108695652173914,0.4839572192513369,0.4273658830620856,0.5561497326203209,0.38800508655561167
NUDT16---Cluster1,0.78,0.6458333333333333,0.5326340326340326,0.5137046861184792,0.6060606060606061,0.8302702668097551
NUP210---Cluster1,0.62,0.32978723404255317,0.45588235294117646,0.3827160493827161,0.5257352941176471,0.32398625261233016
OLFML2B---Cluster1,0.72,0.7555555555555555,0.6024955436720143,0.592074592074592,0.625668449197861,0.758702327902546
OR51E2,0.78,0.7269503546099291,0.5701754385964912,0.5686274509803921,0.5679824561403508,0.7726719344415306
P2RY2---Cluster2,0.76,0.3958333333333333,0.475,0.43181818181818177,0.37374999999999997,0.7202747701213349
P4HA2---Cluster1,0.56,0.55,0.5487012987012987,0.548440065681445,0.5592532467532466,0.6286523167577259
PABPC5,0.54,0.46230158730158727,0.46613190730837795,0.4623655913978495,0.5579322638146167,0.4259301569897773
PAM,0.76,0.6354166666666667,0.5285087719298246,0.5016611295681063,0.5723684210526316,0.8201100668137874
PARVA,0.48,0.475,0.47596153846153844,0.4724025974025974,0.5464743589743589,0.5777121462701286
PARVG,0.8,0.5773809523809523,0.5984848484848485,0.584717607973422,0.6022727272727273,0.9274766367192413
PCDHB14,0.54,0.5180623973727422,0.5190972222222222,0.5166036149642707,0.5260416666666667,0.7045321713233939
PCDHB3,0.62,0.5686070686070686,0.5572916666666666,0.5558672276764843,0.45920138888888884,0.36416296165550216
PCDHB5,0.66,0.336734693877551,0.4852941176470588,0.39759036144578314,0.4779411764705882,0.7186354046610872
PCK2,0.56,0.41847826086956524,0.47500000000000003,0.3969298245614035,0.4316666666666667,0.3570362668619121
PCOLCE,0.8,0.7375886524822695,0.578088578088578,0.584717607973422,0.585081585081585,0.824849418366739
PDCD1LG2,0.82,0.41,0.5,0.45054945054945056,0.6531165311653117,0.8882177758131949
PDE6B---Cluster1,0.66,0.4555555555555556,0.4801587301587301,0.4476933073424301,0.623015873015873,0.8377569975499748
PDE7B---Cluster2,0.62,0.59375,0.5916808149405772,0.5924495924495925,0.6027164685908319,0.5669173169657165
PDLIM3---Cluster1,0.66,0.5833333333333333,0.5142602495543672,0.4476933073424301,0.5222816399286988,0.4046688539575021
PDLIM4---Cluster1,0.68,0.5978260869565217,0.5330882352941176,0.5,0.582720588235294,0.7273487753785056
PDLIM7---Cluster1,0.62,0.6142857142857143,0.5974025974025974,0.5924495924495925,0.5876623376623377,0.528511819124845
PEPD,0.56,0.4851190476190476,0.4916666666666667,0.4543650793650793,0.4533333333333333,0.4300028476649039
PFKFB4---Cluster1,0.78,0.6458333333333333,0.5326340326340326,0.5137046861184792,0.5477855477855478,0.3472102908491418
PHKA2---Cluster2,0.66,0.38372093023255816,0.4125,0.3975903614457831,0.48500000000000004,0.8112935770275485
PHLDA2---Cluster4,0.52,0.5874999999999999,0.5568181818181819,0.49066213921901525,0.5844155844155844,0.6645949863167819
PHTF1---Cluster1,0.76,0.6477272727272727,0.5855263157894737,0.5934959349593496,0.6228070175438597,0.8163804196968015
PHYH,0.7,0.6871657754010696,0.675,0.6782496782496783,0.7050000000000001,0.7770607753263271
PI3,0.66,0.44696969696969696,0.4708939708939709,0.4476933073424302,0.5592515592515592,0.7662357393655165
PICK1,0.78,0.5709219858156028,0.525,0.5137046861184792,0.4937499999999999,0.7880388653542686
PIK3CD,0.78,0.39,0.5,0.43820224719101125,0.48018648018648014,0.811336556629108
PIK3CG,0.7,0.6086956521739131,0.5380952380952381,0.5126705653021443,0.5533333333333332,0.7090508634361228
PIP4K2C---Cluster1,0.72,0.3829787234042553,0.46153846153846156,0.4186046511627907,0.5326340326340326,0.8123611070478085
PLA2G5---Cluster2,0.74,0.549645390070922,0.5153508771929824,0.4901960784313725,0.6140350877192983,0.8458091844482114
PLAC8,0.78,0.39,0.5,0.43820224719101125,0.6923076923076923,0.8869732002045146
PLAT---Cluster1,0.58,0.572463768115942,0.575,0.5716034271725826,0.5416666666666667,0.6327731238661453
PLAUR,0.64,0.6131907308377897,0.6078098471986417,0.609375,0.6196943972835315,0.7276331120621718
PLCB2---Cluster1,0.6,0.525,0.5173611111111112,0.503968253968254,0.5842013888888888,0.7027777265591633
PLEKHF2---Cluster1,0.68,0.6340956340956341,0.6149732620320856,0.6190476190476191,0.6586452762923352,0.5625413932704347
PLOD2,0.6,0.5569852941176471,0.5538194444444444,0.554367201426025,0.6597222222222222,0.5102708946826594
PLSCR4,0.62,0.6709558823529411,0.6527093596059113,0.6161616161616161,0.7216748768472907,0.6576106550255159
PLXDC1---Cluster1,0.8,0.40816326530612246,0.4878048780487805,0.4444444444444445,0.43360433604336046,0.7790447067226041
PLXNB1---Cluster1,0.74,0.37,0.5,0.42528735632183906,0.44490644490644493,0.26007370502419036
PMP22---Cluster1,0.58,0.5476190476190477,0.5416666666666666,0.5384615384615384,0.5933333333333333,0.7301005298241803
PNPLA4,0.72,0.36,0.5,0.41860465116279066,0.5813492063492063,0.8278266431602697
POLE4,0.56,0.5149051490514904,0.5090311986863711,0.47619047619047616,0.5862068965517242,0.6917939817946603
POLR1D,0.82,0.41,0.5,0.45054945054945056,0.45799457994579945,0.263154880741818
POU4F1---Cluster1,0.52,0.5874999999999999,0.5568181818181819,0.49066213921901525,0.6298701298701299,0.6759282649138283
PPIA,0.72,0.6145833333333333,0.5218253968253969,0.47916666666666663,0.6130952380952381,0.7955304343391355
PPIL5---Cluster2,0.72,0.553030303030303,0.5307017543859649,0.5257452574525745,0.5603070175438596,0.7869404466940135
PRKCDBP---Cluster1,0.74,0.5,0.5,0.49019607843137253,0.40875000000000006,0.7480130719501997
PSMA7---Cluster1,0.62,0.4937629937629938,0.4934210526315789,0.49333333333333335,0.5208333333333334,0.8001070876628362
PSMB10---Cluster1,0.64,0.36363636363636365,0.42105263157894735,0.3902439024390244,0.5087719298245614,0.7679637691505067
PSMB2---Cluster1,0.66,0.6631205673758864,0.5399305555555556,0.48764315852923446,0.5572916666666666,0.6322725915774224
PTGFRN,0.7,0.6725571725571726,0.6440972222222222,0.6493688639551192,0.537326388888889,0.6600712352871468
PTP4A3,0.78,0.5380434782608696,0.518970189701897,0.5137046861184792,0.5745257452574526,0.8763104487334183
PTPN14---Cluster1,0.82,0.9081632653061225,0.55,0.5403472931562819,0.7125,0.8683269126045359
PTPN18---Cluster2,0.74,0.3854166666666667,0.47435897435897434,0.42528735632183906,0.5757575757575757,0.8163370219279605
PTPN9,0.8,0.5815602836879432,0.5311653116531165,0.5265151515151515,0.5934959349593496,0.8572123712249261
PTRF,0.76,0.5602836879432624,0.5198135198135198,0.5016611295681063,0.6363636363636364,0.8588282525570714
PTTG1---Cluster1,0.62,0.4858156028368794,0.4965277777777778,0.4273658830620856,0.6631944444444445,0.5599427813086961
RAB27A---Cluster1,0.6,0.48750000000000004,0.49080882352941174,0.48024948024948017,0.5422794117647058,0.7113200283199342
RAB38,0.58,0.4916839916839917,0.49264705882352944,0.4900437105390967,0.5055147058823529,0.6951207953738188
RAB3D---Cluster1,0.62,0.43333333333333335,0.4724264705882353,0.42736588306208556,0.48713235294117646,0.6587818103249008
RAB42,0.76,0.5271739130434783,0.5125000000000001,0.5016611295681063,0.57875,0.8348127111881823
RAC2,0.82,0.41,0.5,0.45054945054945056,0.6368563685636855,0.9026395541525646
RARG---Cluster1,0.7,0.7575757575757576,0.6154499151103565,0.6,0.6468590831918506,0.778649003002525
RARRES1---Cluster1,0.76,0.875,0.5714285714285714,0.5535714285714286,0.6805555555555556,0.8190603202473226
RARRES3,0.8,0.8979591836734694,0.5454545454545454,0.5265151515151515,0.7459207459207459,0.9267301553649173
RASSF1---Cluster3,0.62,0.46476964769647694,0.4742063492063492,0.463579898362507,0.37797619047619047,0.6520697597882512
RBMS1---Cluster2,0.68,0.4666666666666667,0.4844074844074844,0.4579945799457995,0.47713097713097713,0.2582940464517473
RCAN2,0.68,0.3469387755102041,0.4857142857142857,0.4047619047619047,0.5771428571428572,0.7594668726707237
RCN3---Cluster2,0.54,0.4407894736842105,0.4518716577540107,0.44147644487615345,0.5080213903743316,0.6641436037543699
RELN,0.62,0.5279720279720279,0.5220588235294117,0.5180111618467782,0.5294117647058824,0.4492230230868035
RFESD,0.64,0.46195652173913043,0.48713235294117646,0.4375,0.5551470588235294,0.7691578169385652
RGS16---Cluster1,0.76,0.7053571428571428,0.6369047619047619,0.6503496503496503,0.6507936507936508,0.7712771761181779
RHOQ---Cluster1,0.74,0.8645833333333333,0.5666666666666667,0.5393338058114813,0.7142857142857143,0.8109912788439166
RIN1---Cluster1,0.76,0.6354166666666667,0.5285087719298246,0.5016611295681063,0.6359649122807018,0.846730418853458
RLBP1,0.74,0.37755102040816324,0.4868421052631579,0.4252873563218391,0.618421052631579,0.8485896076594494
RNASE1---Cluster1,0.7,0.6041666666666667,0.5190476190476191,0.4684620836286322,0.6095238095238096,0.7718455820846416
RNASE4---Cluster1,0.72,0.8571428571428572,0.5333333333333333,0.47916666666666663,0.5714285714285714,0.7314791500840668
RNF149---Cluster1,0.74,0.37755102040816324,0.4868421052631579,0.4252873563218391,0.3793859649122807,0.2076322427124505
ROD1---Cluster1,0.78,0.788888888888889,0.628968253968254,0.6426250812215725,0.6359126984126984,0.5114632858975422
RRAD---Cluster1,0.64,0.3404255319148936,0.45714285714285713,0.39024390243902435,0.52,0.7104749663825731
RRAS---Cluster2,0.7,0.6190476190476191,0.5761904761904761,0.5765104460756635,0.6647619047619048,0.4802753039709561
S100A11,0.7,0.6843971631205674,0.5477941176470589,0.5126705653021443,0.5441176470588236,0.44571060414810415
S100A16---Cluster1,0.56,0.5636672325976231,0.56,0.5535714285714286,0.6272,0.6858759472912443
S100A2,0.82,0.9,0.6785714285714286,0.7076023391812866,0.6488095238095238,0.757793627455839
S100A8,0.62,0.5980392156862745,0.5916666666666667,0.5924495924495924,0.665,0.7162234128003779
SAA1,0.44,0.4365079365079365,0.4487179487179487,0.41666666666666663,0.46794871794871795,0.4676008171498185
SAA2,0.46,0.46457326892109496,0.4642857142857143,0.45978391356542614,0.4902597402597403,0.4745252447705298
SCG5,0.36,0.355877616747182,0.355877616747182,0.355877616747182,0.34299516908212563,0.4649268351095033
SELENBP1,0.7,0.35714285714285715,0.4861111111111111,0.4117647058823529,0.5902777777777778,0.83424259167293
SEPT9---Cluster1,0.6,0.575,0.578125,0.5755517826825127,0.6215277777777777,0.7542745319543144
SERPINA1,0.66,0.5189393939393939,0.5095238095238095,0.48764315852923446,0.47619047619047616,0.6938941436588145
SERPINA3,0.52,0.5139573070607553,0.5136876006441223,0.5129870129870129,0.5281803542673108,0.6274368616834651
SERPINB1---Cluster1,0.74,0.37755102040816324,0.4868421052631579,0.4252873563218391,0.5745614035087719,0.8439511717594428
SFRP1---Cluster3,0.5,0.5,0.5,0.46374946374946374,0.528,0.5546841045603044
SFRP2---Cluster2,0.7,0.7303523035230353,0.6416666666666666,0.6357455075279261,0.6683333333333334,0.6954966317296366
SFRP4---Cluster2,0.78,0.40625,0.47560975609756095,0.43820224719101125,0.6395663956639567,0.9006946312707922
SH2D4A,0.72,0.5054347826086957,0.5021929824561403,0.47916666666666663,0.6085526315789475,0.8194520651397426
SH3BGRL3---Cluster1,0.62,0.6220238095238095,0.5673234811165846,0.5386109762020398,0.5295566502463055,0.5854166886649383
SH3TC2---Cluster2,0.78,0.39,0.5,0.43820224719101125,0.5151515151515151,0.7620160078645073
SHOX2---Cluster1,0.8,0.6704545454545454,0.6125,0.6279761904761905,0.715,0.9045641777475889
SIGLEC7---Cluster1,0.64,0.5821205821205822,0.5704099821746881,0.5714285714285715,0.6149732620320856,0.7672376256528562
SIRPG,0.54,0.5509031198686372,0.5503246753246753,0.5398159263705482,0.5722402597402597,0.45873190060445923
SIRT2---Cluster3,0.46,0.3412698412698413,0.3476190476190476,0.34434191355026716,0.3847619047619047,0.6930027766215074
SKAP2---Cluster1,0.6,0.6091954022988506,0.607085346215781,0.5993589743589745,0.5619967793880837,0.6136572724928857
SLAMF1---Cluster1,0.74,0.3854166666666667,0.47435897435897434,0.42528735632183906,0.4801864801864802,0.818338581814102
SLAMF7---Cluster1,0.58,0.5,0.5,0.44000000000000006,0.5066666666666667,0.41388948377986484
SLAMF8---Cluster1,0.62,0.5652173913043479,0.5203735144312394,0.46357989836250707,0.634974533106961,0.7563263240113566
SLC10A4---Cluster1,0.58,0.46453900709219853,0.4916666666666667,0.4071146245059289,0.3733333333333333,0.5515362743021078
SLC11A1---Cluster1,0.74,0.549645390070922,0.5153508771929824,0.4901960784313725,0.75,0.9050034780449925
SLC12A7---Cluster1,0.76,0.3958333333333333,0.475,0.43181818181818177,0.5950000000000001,0.8500732944806714
SLC16A14,0.68,0.34,0.5,0.40476190476190477,0.5386029411764706,0.3914427667342719
SLC16A3---Cluster1,0.7,0.35714285714285715,0.4861111111111111,0.4117647058823529,0.46825396825396826,0.7291844933414711
SLC22A5,0.7,0.47777777777777775,0.48903508771929827,0.4684620836286322,0.5109649122807017,0.7794624899026497
SLC25A13---Cluster1,0.72,0.6950354609929078,0.5523809523809524,0.5257452574525745,0.5361904761904762,0.42723769447084786
SLC25A20,0.76,0.6888888888888889,0.5883575883575883,0.5934959349593496,0.6902286902286903,0.8499208771447349
SLC25A43,0.76,0.6888888888888889,0.5883575883575883,0.5934959349593496,0.5779625779625779,0.7723208811667945
SLC29A1,0.76,0.3877551020408163,0.48717948717948717,0.43181818181818177,0.592074592074592,0.8508913901041093
SLC2A10,0.76,0.3877551020408163,0.48717948717948717,0.43181818181818177,0.592074592074592,0.8484897438846084
SLC37A4---Cluster2,0.58,0.49702380952380953,0.49830220713073003,0.4672754946727549,0.5415959252971136,0.4076370120234676
SLC44A3---Cluster1,0.7,0.6041666666666667,0.5190476190476191,0.4684620836286322,0.6399999999999999,0.7773832490312486
SLC47A2,0.68,0.5978260869565217,0.5330882352941176,0.5,0.6580882352941178,0.812929886076065
SLFN11,0.82,0.4270833333333333,0.47674418604651164,0.45054945054945056,0.4385382059800665,0.8652991800657839
SLITRK4---Cluster1,0.78,0.6458333333333333,0.5326340326340326,0.5137046861184792,0.5198135198135199,0.7968130576080731
SLPI---Cluster1,0.7,0.5283687943262412,0.5079365079365079,0.4684620836286322,0.5436507936507937,0.7345933032327072
SMO---Cluster1,0.84,0.7588652482269503,0.5989159891598916,0.6212121212121212,0.7127371273712737,0.8940571476133107
SMPD3---Cluster3,0.52,0.4905149051490515,0.4943639291465378,0.4485294117647059,0.5024154589371981,0.46194453837578886
SNRPB---Cluster2,0.62,0.5625,0.5101867572156197,0.4273658830620856,0.5314091680814941,0.42237433525773516
SOCS2---Cluster4,0.7,0.8369565217391304,0.6052631578947368,0.5765104460756635,0.6485568760611206,0.5995687833691752
SOCS3---Cluster1,0.68,0.5978260869565217,0.5330882352941176,0.5,0.661764705882353,0.48224252229021625
SOX10---Cluster1,0.62,0.6213235294117647,0.606280193236715,0.6006725514922236,0.6006441223832528,0.6753772296583601
SP100---Cluster1,0.64,0.35555555555555557,0.43243243243243246,0.3902439024390244,0.5561330561330562,0.7937090511817184
SP110,0.76,0.38,0.5,0.4318181818181818,0.5087719298245614,0.293018528956029
SP140---Cluster2,0.78,0.7269503546099291,0.5701754385964912,0.5686274509803921,0.5614035087719299,0.8301200350914255
SP8---Cluster1,0.7,0.526578073089701,0.5175438596491229,0.5126705653021443,0.5657894736842105,0.8328250796197939
SPAG4,0.64,0.5760869565217391,0.5243055555555556,0.4755244755244755,0.6909722222222222,0.789901982841986
SPATA6,0.62,0.6071428571428572,0.6120543293718166,0.6072757337742869,0.6112054329371815,0.6626023511803039
SPI1---Cluster1,0.66,0.6507352941176471,0.6346469622331692,0.6353496353496353,0.5697865353037768,0.5865187987702563
SPOCD1---Cluster2,0.7,0.6555555555555556,0.5643382352941176,0.5479204339963835,0.6084558823529411,0.7696567766859123
SPRY1---Cluster1,0.56,0.5357142857142857,0.5194805194805194,0.47619047619047616,0.674512987012987,0.7076919898622063
SRGN---Cluster1,0.78,0.7663043478260869,0.6018711018711019,0.6102055279943303,0.7068607068607068,0.8713611354195694
SRPX2---Cluster1,0.68,0.7013888888888888,0.6858974358974359,0.6753246753246753,0.7163461538461539,0.670695959970869
ST3GAL4---Cluster1,0.76,0.3877551020408163,0.48717948717948717,0.43181818181818177,0.682983682983683,0.8576899203481305
STAP2,0.72,0.3829787234042553,0.46153846153846156,0.4186046511627907,0.5034965034965035,0.8265526152362477
STK3---Cluster1,0.7,0.631578947368421,0.6142857142857143,0.619482496194825,0.6647619047619048,0.8085761390301731
STK32B---Cluster1,0.76,0.3877551020408163,0.48717948717948717,0.43181818181818177,0.4195804195804196,0.23901101554170218
STX1B---Cluster2,0.66,0.5070921985815603,0.5018382352941176,0.4476933073424302,0.7095588235294118,0.49857924887701743
STX3---Cluster2,0.56,0.5438311688311689,0.546875,0.5416666666666667,0.5486111111111112,0.6911810499258693
SYDE1---Cluster1,0.72,0.553030303030303,0.5307017543859649,0.5257452574525745,0.5964912280701754,0.804031356408264
TBC1D1---Cluster1,0.5,0.45555555555555555,0.483974358974359,0.3929091792132102,0.5809294871794872,0.5303258319452298
TC2N---Cluster2,0.54,0.5,0.5,0.4945054945054945,0.5266666666666666,0.6253192009944155
TFCP2L1,0.58,0.5119047619047619,0.5106951871657754,0.5091164095371669,0.5828877005347594,0.3959023454185993
TGFB2---Cluster1,0.8,0.5815602836879432,0.5311653116531165,0.5265151515151515,0.6775067750677506,0.8942909082877928
TGFBI---Cluster1,0.84,0.6770833333333333,0.5505952380952381,0.5555555555555556,0.5684523809523809,0.8822344920363473
THEM4---Cluster1,0.6,0.5282392026578073,0.5144312393887945,0.4802494802494802,0.5814940577249575,0.42673304944064055
TIPIN,0.74,0.5888888888888889,0.543859649122807,0.5393338058114813,0.662280701754386,0.8031074856054368
TM4SF1,0.58,0.578525641025641,0.5789049919484701,0.5784825371336813,0.6594202898550725,0.6148933240574447
TMCO4,0.68,0.574750830564784,0.5428571428571428,0.5337995337995338,0.598095238095238,0.8018099060744606
TMCO6---Cluster1,0.72,0.8571428571428572,0.5333333333333333,0.47916666666666663,0.7295238095238095,0.5417348392348392
TMED5---Cluster2,0.74,0.6694352159468439,0.6011904761904762,0.6081977094635322,0.6428571428571429,0.4998795351473923
TMEM106A,0.74,0.549645390070922,0.5153508771929824,0.4901960784313725,0.7105263157894737,0.870231185563532
TMEM132D,0.62,0.5375000000000001,0.5267379679144385,0.5180111618467783,0.4598930481283423,0.6203504486958669
TMEM158,0.76,0.3877551020408163,0.48717948717948717,0.43181818181818177,0.5687645687645687,0.8386283668652199
TMEM159,0.72,0.8541666666666667,0.5625,0.5257452574525745,0.6893382352941176,0.8183196315569534
TMEM168---Cluster1,0.78,0.6521739130434783,0.5652680652680653,0.5686274509803921,0.6829836829836831,0.41096866096866097
TMEM177---Cluster2,0.66,0.36666666666666664,0.4342105263157895,0.39759036144578314,0.4298245614035088,0.21679573939398686
TMEM51---Cluster1,0.78,0.3979591836734694,0.4875,0.43820224719101125,0.5975,0.8539798272390877
TMEM71,0.68,0.6071428571428572,0.5661764705882353,0.5614035087719298,0.5974264705882353,0.7545195645755248
TMSL3,0.78,0.3979591836734694,0.4875,0.43820224719101125,0.44499999999999995,0.7765863123415371
TNFRSF10B---Cluster2,0.62,0.6133004926108374,0.612012987012987,0.6124031007751938,0.6363636363636364,0.5826600809397506
TOM1L1---Cluster1,0.74,0.625,0.524948024948025,0.4901960784313726,0.683991683991684,0.832205119881641
TPBG,0.7,0.6002710027100271,0.5734126984126984,0.5765104460756635,0.5694444444444444,0.7933996755350812
TPM4---Cluster2,0.68,0.6469298245614035,0.6163194444444444,0.619047619047619,0.7309027777777778,0.7832261552510857
TRAF5,0.54,0.5357142857142857,0.5354267310789049,0.5353535353535354,0.5257648953301126,0.5419752077592488
TREM1,0.66,0.6337719298245614,0.6035653650254669,0.6026180458158019,0.6298811544991512,0.7299447030989147
TREM2---Cluster1,0.72,0.8571428571428572,0.5333333333333333,0.47916666666666663,0.7104761904761905,0.8683620615805283
TREML2,0.76,0.38,0.5,0.4318181818181818,0.6250000000000001,0.7862108062278264
TRIM14,0.6,0.5051975051975053,0.5047619047619047,0.5039682539682541,0.4942857142857143,0.4022204811272339
TRIM36---Cluster1,0.56,0.5679824561403509,0.5496794871794872,0.5225694444444445,0.5480769230769231,0.5442016095007479
TRIM38,0.68,0.6345514950166113,0.5721925133689839,0.5614035087719298,0.5222816399286987,0.702099338948095
TRIM59---Cluster1,0.82,0.41,0.5,0.45054945054945056,0.48238482384823844,0.8510297314179944
TRIP4---Cluster1,0.74,0.7056737588652482,0.5575396825396826,0.5393338058114812,0.6448412698412699,0.8212125818334747
TSPAN4---Cluster1,0.5,0.4834558823529412,0.4855072463768116,0.47456914670029426,0.5314009661835749,0.6116731796759791
TUFT1,0.66,0.6111111111111112,0.5998217468805704,0.6026180458158018,0.6238859180035651,0.7295764146477676
UCP2,0.8,0.65625,0.5375,0.5265151515151515,0.64,0.8974905381113506
UPP1---Cluster1,0.82,0.9081632653061225,0.55,0.5403472931562819,0.735,0.8829183993163555
USP4---Cluster1,0.68,0.8297872340425532,0.5789473684210527,0.5337995337995338,0.6383701188455009,0.7081147934963307
VIM,0.78,0.3979591836734694,0.4875,0.43820224719101125,0.5700000000000001,0.24244340285261
VNN1---Cluster1,0.82,0.41836734693877553,0.4880952380952381,0.4505494505494506,0.5773809523809524,0.9020303144363535
WBSCR17,0.66,0.5833333333333333,0.5142602495543672,0.4476933073424301,0.4242424242424242,0.3591999832407403
WDR76,0.8,0.4,0.5,0.4444444444444445,0.755,0.5095945830485303
WEE1,0.52,0.4666666666666667,0.45614035087719296,0.44852941176470584,0.4835526315789474,0.7906902981446855
WFIKKN2---Cluster1,0.8,0.8936170212765957,0.6153846153846154,0.6279761904761905,0.6798336798336797,0.8270691097451406
XAF1,0.74,0.3854166666666667,0.47435897435897434,0.42528735632183906,0.5361305361305361,0.7997561439852324
YAP1---Cluster1,0.76,0.38,0.5,0.4318181818181818,0.5964912280701755,0.44989613910017384
YIF1B---Cluster2,0.48,0.4675324675324675,0.4666666666666667,0.4663382594417077,0.4366666666666667,0.3617883007731515
ZAK---Cluster1,0.74,0.37755102040816324,0.4868421052631579,0.4252873563218391,0.6217105263157895,0.8206110643822982
ZC3HAV1L---Cluster2,0.66,0.33,0.5,0.39759036144578314,0.5294117647058824,0.7249935430376772
ZDHHC12---Cluster1,0.8,0.4,0.5,0.4444444444444445,0.6012500000000001,0.8305556391256511
ZIC1---Cluster1,0.48,0.47020933977455714,0.4685908319185059,0.4663382594417077,0.5067911714770797,0.6718494412313879
ZIC3,0.62,0.6434511434511434,0.6105769230769231,0.5924495924495925,0.5769230769230769,0.6215710671711233
ZSCAN12---Cluster1,0.42,0.4166666666666667,0.42000000000000004,0.41414141414141414,0.4576,0.5239255298572452
