,cluster_0,cluster_1,cluster_2,cluster_3,cluster_4
TCGA-FG-8185,1,1,1,1,1
TCGA-DU-5847,0,1,0,0,0
TCGA-27-1838,0,0,0,0,0
TCGA-S9-A7QZ,1,1,1,1,1
TCGA-06-1805,0,0,1,0,0
TCGA-DU-5852,0,0,0,0,0
TCGA-FG-7638,1,1,1,1,1
TCGA-27-1830,0,0,0,0,0
TCGA-19-5959,0,1,0,0,0
TCGA-DU-6393,1,1,1,1,1
TCGA-06-0139,0,0,0,0,0
TCGA-HW-7493,1,0,1,1,1
TCGA-06-0126,0,1,0,0,0
TCGA-S9-A6WL,1,1,1,1,1
TCGA-S9-A6U9,1,1,1,1,1
TCGA-CS-6667,1,0,1,1,1
TCGA-19-2625,0,0,0,0,0
TCGA-14-1459,0,0,0,0,0
TCGA-FG-A60K,1,0,1,1,1
TCGA-TM-A7CF,1,0,1,1,1
TCGA-FG-5963,0,0,0,0,0
TCGA-FG-6690,1,1,1,1,1
TCGA-02-0007,0,1,0,0,0
TCGA-FG-A4MX,1,0,1,1,1
TCGA-DB-A4XE,1,0,1,1,1
TCGA-06-0877,0,1,0,0,0
TCGA-DB-5278,1,0,1,1,1
TCGA-DB-5270,1,0,1,1,1
TCGA-HT-7877,1,0,1,1,1
TCGA-28-1757,0,1,0,0,0
TCGA-06-1800,0,0,0,0,0
TCGA-14-0789,0,1,0,0,0
TCGA-14-1458,1,0,1,1,1
TCGA-DU-5849,1,1,1,1,1
TCGA-FG-7636,1,0,1,1,1
TCGA-14-1452,0,1,0,0,0
TCGA-02-0014,1,0,1,0,0
TCGA-DB-5274,1,1,1,1,1
TCGA-15-1449,0,0,0,0,0
TCGA-02-0024,0,0,0,0,0
TCGA-S9-A7QW,1,0,1,1,1
TCGA-28-1746,0,0,0,0,0
TCGA-DU-6410,1,1,1,1,1
TCGA-06-5418,0,1,0,0,0
TCGA-DU-5853,1,0,1,1,1
TCGA-14-1396,0,1,0,0,0
TCGA-06-1087,0,0,0,0,0
TCGA-DU-6403,0,1,0,0,0
TCGA-81-5910,0,1,0,0,0
TCGA-06-1084,0,1,0,0,0
TCGA-CS-5390,1,1,1,1,1
TCGA-FG-A6IZ,1,1,1,1,1
TCGA-FG-8182,1,0,1,1,1
TCGA-DU-6399,1,0,1,0,1
TCGA-S9-A6WI,1,0,0,1,1
TCGA-06-5859,0,1,0,0,0
TCGA-FG-6689,1,0,1,1,1
TCGA-S9-A7J1,1,0,1,1,1
TCGA-14-1827,0,0,0,0,0
TCGA-FG-8187,1,0,1,1,1
TCGA-14-1453,0,1,0,0,0
TCGA-DU-8167,1,1,1,1,1
TCGA-41-4097,0,1,0,0,0
TCGA-19-2623,0,1,0,0,0
TCGA-HT-7884,1,0,1,1,1
TCGA-06-5412,0,1,0,0,0
TCGA-DU-5874,1,1,1,1,1
TCGA-27-1837,0,0,0,0,0
TCGA-DU-8168,1,1,1,1,1
TCGA-FG-A4MW,0,1,0,0,0
TCGA-TM-A7C3,0,1,0,0,0
TCGA-DU-8166,1,0,1,1,1
TCGA-19-5953,0,1,0,0,0
TCGA-S9-A7IZ,1,0,1,0,1
TCGA-CS-5397,0,1,0,0,0
TCGA-06-0133,0,1,0,0,0
TCGA-28-1745,0,0,0,0,0
TCGA-14-1455,0,0,0,0,0
TCGA-19-2624,0,0,0,0,0
TCGA-06-1802,0,1,0,0,0
TCGA-HW-7490,1,0,1,1,1
TCGA-HW-7487,1,1,1,1,1
TCGA-DU-6397,1,1,1,1,1
TCGA-TM-A7C4,1,0,1,1,1
TCGA-DB-A4XB,1,0,1,1,1
TCGA-28-1755,0,0,0,0,0
TCGA-02-0001,0,0,0,0,0
TCGA-19-2629,1,0,1,0,0
TCGA-DU-6395,1,0,1,1,1
TCGA-S9-A6WQ,1,0,1,1,1
TCGA-DU-6408,1,0,1,1,1
TCGA-QH-A6X5,1,1,1,1,1
TCGA-19-5954,0,0,0,0,0
TCGA-QH-A6CY,1,1,1,1,1
TCGA-FN-7833,1,0,1,1,1
TCGA-06-0879,0,1,0,0,0
TCGA-CS-6670,1,1,1,1,1
TCGA-DB-5277,1,0,1,0,1
TCGA-S9-A6U8,1,0,1,1,1
TCGA-FG-8181,0,0,0,1,0
TCGA-HW-7489,1,0,1,1,1
TCGA-14-0871,0,0,0,0,0
TCGA-S9-A6U0,0,0,0,0,0
TCGA-27-1832,0,0,0,0,0
TCGA-QH-A6XA,1,0,1,1,1
TCGA-QH-A6CX,0,1,0,0,0
TCGA-06-0125,0,1,0,0,0
TCGA-CS-6186,0,1,0,0,0
TCGA-S9-A7IY,1,0,1,1,1
TCGA-41-2572,0,1,0,0,0
TCGA-DB-A4XD,1,0,1,1,1
TCGA-HT-A4DV,1,0,0,1,1
TCGA-CS-6668,1,1,1,1,1
TCGA-19-2620,0,1,0,0,0
TCGA-S9-A7QY,1,1,1,1,1
TCGA-EZ-7264,1,1,1,1,1
TCGA-06-6390,0,1,0,0,0
TCGA-06-5856,0,1,0,0,0
TCGA-HT-7468,1,0,1,1,1
TCGA-27-1831,0,1,0,0,0
TCGA-14-0783,0,1,0,0,0
TCGA-FG-8191,1,0,1,1,1
TCGA-QH-A6CW,1,0,1,1,1
TCGA-CS-6665,1,0,1,0,0
TCGA-QH-A6X8,1,1,1,1,1
TCGA-HT-7875,1,0,1,1,1
TCGA-DU-5854,0,1,0,0,0
TCGA-CS-4942,1,0,1,1,1
TCGA-14-0813,0,0,0,0,0
TCGA-S9-A7R7,1,0,1,0,1
TCGA-HW-A5KK,0,0,0,0,0
TCGA-19-0964,0,1,0,0,0
TCGA-14-1794,0,1,0,0,0
TCGA-06-0130,0,0,0,0,0
TCGA-06-5410,0,0,0,0,0
TCGA-27-1834,0,0,0,0,0
TCGA-FG-A4MU,0,1,0,0,0
TCGA-DU-6402,0,1,0,0,0
TCGA-02-0021,0,1,0,0,0
TCGA-DU-5855,1,0,1,1,1
TCGA-41-3392,0,1,0,0,0
TCGA-CS-5394,1,1,1,1,1
TCGA-DB-5280,1,0,1,1,1
TCGA-41-5651,0,1,0,0,0
TCGA-14-1795,0,1,0,0,0
TCGA-FG-5964,1,0,1,1,1
TCGA-CS-4941,0,1,0,0,0
TCGA-S9-A6TV,1,0,1,1,1
TCGA-DU-6394,1,1,1,1,1
TCGA-DB-5276,1,1,0,1,1
TCGA-CS-6666,1,0,1,0,1
TCGA-HT-7607,1,1,0,1,0
TCGA-QH-A6X3,1,0,1,1,1
TCGA-F6-A8O3,1,1,1,1,1
TCGA-CS-4944,1,0,1,1,1
TCGA-S9-A7R8,1,0,1,1,1
TCGA-06-0169,0,1,0,0,0
TCGA-HW-8321,1,0,1,1,1
TCGA-S9-A7J0,1,0,1,1,1
TCGA-02-0085,0,1,0,0,0
TCGA-14-1823,0,1,0,0,0
TCGA-06-0882,0,0,0,0,0
TCGA-CS-6188,0,1,0,0,0
TCGA-DU-6405,0,1,0,0,0
TCGA-02-0003,0,0,0,0,0
TCGA-06-5417,1,0,1,0,0
TCGA-DU-8163,1,0,1,1,1
TCGA-TM-A7C5,1,1,1,1,1
TCGA-CS-4938,1,0,1,1,1
TCGA-06-5858,0,0,0,0,0
TCGA-S9-A6WN,1,0,0,0,0
TCGA-FG-7643,0,1,0,1,0
TCGA-S9-A6U2,1,1,1,1,1
TCGA-S9-A7J2,1,0,1,1,1
TCGA-19-0955,0,1,0,0,0
TCGA-FG-8186,1,0,1,1,1
TCGA-14-1402,0,1,0,0,0
TCGA-15-1446,0,1,0,0,0
TCGA-06-1801,0,0,0,0,0
TCGA-14-0787,0,1,0,0,0
TCGA-IK-7675,1,0,1,0,1
TCGA-HW-8322,1,0,1,1,1
TCGA-DU-6406,0,1,0,0,0
TCGA-19-5952,0,0,0,0,0
TCGA-06-0878,0,0,0,0,0
TCGA-S9-A6WD,1,1,1,1,1
TCGA-DU-6542,1,0,1,1,1
TCGA-QH-A6CZ,1,0,1,1,1
TCGA-FG-7634,1,0,1,1,1
TCGA-14-1034,0,1,0,0,0
TCGA-DB-5273,1,0,1,1,1
TCGA-41-3393,0,1,0,0,0
TCGA-HW-8319,1,0,1,1,1
TCGA-S9-A6WH,1,1,1,1,1
TCGA-QH-A6X9,1,1,1,1,1
TCGA-87-5896,0,1,0,0,0
TCGA-02-0006,0,1,0,0,0
TCGA-28-1751,0,1,0,0,0
TCGA-S9-A6TY,1,1,1,1,1
TCGA-19-1392,0,1,0,0,0
TCGA-DU-5870,1,0,1,1,1
TCGA-DB-5281,1,1,1,1,1
TCGA-DB-A4X9,1,0,1,1,1
TCGA-28-1749,0,1,0,0,0
TCGA-06-5408,0,0,0,0,0
TCGA-DU-6396,1,0,1,0,1
TCGA-41-3915,0,0,0,0,0
TCGA-TM-A7CA,1,0,1,1,1
TCGA-HW-A5KM,1,0,1,1,1
TCGA-06-0122,0,1,0,0,0
TCGA-15-1447,0,0,0,0,0
TCGA-19-5955,0,1,0,0,0
TCGA-14-0786,0,1,0,0,0
TCGA-14-1821,1,0,1,0,0
TCGA-41-2575,0,0,0,0,0
TCGA-HW-A5KJ,1,1,1,1,1
TCGA-DB-A4XG,1,1,1,1,1
TCGA-HT-7873,1,0,1,1,1
TCGA-14-0817,0,1,0,0,0
TCGA-14-1037,0,1,0,0,0
TCGA-S9-A7R3,1,0,1,1,1
TCGA-HW-7486,1,1,1,1,1
TCGA-27-1833,0,1,0,0,0
TCGA-DU-8164,1,1,1,1,1
TCGA-DU-8158,0,0,0,0,0
TCGA-DB-A4XC,1,0,1,1,1
TCGA-S9-A6U6,1,0,1,1,1
TCGA-FG-5965,1,0,1,1,1
TCGA-QH-A6XC,0,1,0,0,0
TCGA-S9-A7R4,1,0,1,1,1
TCGA-06-0881,0,0,0,0,0
TCGA-DU-6407,1,1,1,1,1
TCGA-S9-A6WG,1,0,1,1,1
TCGA-DU-6392,0,0,0,0,0
TCGA-FG-A4MY,1,0,1,1,1
TCGA-06-5413,0,1,0,0,0
TCGA-06-0875,0,0,0,0,0
TCGA-14-1401,0,0,0,0,0
TCGA-06-0141,0,0,0,0,0
TCGA-06-6388,0,1,0,0,0
TCGA-06-5415,0,1,0,0,0
TCGA-19-2631,0,1,0,0,0
TCGA-19-5956,0,0,0,0,0
TCGA-02-0010,1,0,1,0,0
TCGA-FG-A6J1,1,0,1,1,1
TCGA-06-6391,0,0,0,1,0
TCGA-81-5911,0,1,0,0,0
TCGA-HT-7479,1,0,1,1,1
TCGA-28-1752,0,1,0,0,0
TCGA-FG-A4MT,1,0,1,1,1
TCGA-FG-6688,0,1,0,0,0
TCGA-19-4065,0,1,0,0,0
TCGA-QH-A6X4,1,0,1,1,1
TCGA-S9-A7R2,0,0,0,0,0
TCGA-19-1386,0,1,0,0,0
TCGA-41-2573,0,0,0,0,0
TCGA-DB-5275,1,0,1,1,1
TCGA-FG-7637,1,1,1,1,1
TCGA-HT-A4DS,0,0,0,0,0
TCGA-14-1829,0,0,0,0,0
TCGA-19-1789,0,1,0,0,0
TCGA-DU-5871,1,0,1,1,1
TCGA-S9-A7IS,1,0,1,0,0
TCGA-S9-A7IX,0,1,0,0,0
TCGA-S9-A6WP,1,1,1,1,1
TCGA-S9-A7QX,1,0,1,1,1
TCGA-19-5951,0,1,0,0,0
TCGA-02-0033,0,1,0,0,0
TCGA-QH-A65X,1,1,1,1,1
TCGA-DU-8161,0,1,0,0,0
TCGA-S9-A6WM,0,1,0,0,0
TCGA-FG-6691,1,1,1,1,1
TCGA-06-0148,0,1,0,0,0
TCGA-DB-5279,1,1,1,0,1
TCGA-HT-7478,1,0,1,1,1
TCGA-02-0034,0,0,0,0,0
TCGA-CS-6669,0,0,0,1,0
TCGA-DB-A4XA,1,1,1,1,1
TCGA-DU-8162,0,1,0,1,0
TCGA-DB-A4XH,1,1,1,1,1
TCGA-HW-7491,1,1,1,1,1
TCGA-19-5947,0,0,0,0,0
TCGA-02-0009,0,1,0,0,0
TCGA-DU-5872,1,0,1,1,1
TCGA-S9-A6U5,1,0,1,1,1
TCGA-06-0145,0,1,0,0,0
TCGA-06-0129,1,0,1,0,0
TCGA-S9-A6TZ,1,0,1,1,1
TCGA-27-1836,0,0,0,0,0
TCGA-06-0137,0,1,0,0,0
TCGA-06-5416,0,0,0,0,0
TCGA-CS-5396,1,0,1,1,1
TCGA-06-0124,0,1,0,0,0
TCGA-06-0147,0,1,0,0,0
TCGA-41-2571,0,1,0,0,0
TCGA-14-1825,0,0,0,0,0
TCGA-06-0143,0,0,0,0,0
TCGA-06-5414,0,1,0,0,0
TCGA-FG-A60J,1,0,1,1,1
TCGA-HT-7880,1,0,0,1,1
TCGA-19-0962,0,1,0,0,0
TCGA-FG-8188,1,1,1,1,1
TCGA-19-2619,0,0,0,0,0
TCGA-FG-7641,1,1,1,1,1
TCGA-28-1750,0,1,0,0,0
TCGA-06-6389,1,0,1,0,1
TCGA-CS-5393,1,0,1,1,1
TCGA-14-0867,0,0,0,0,0
TCGA-S9-A6WE,1,0,1,1,1
TCGA-28-1760,0,1,0,0,0
TCGA-DU-6401,1,1,1,1,1
TCGA-FG-6692,0,1,0,0,0
TCGA-HW-A5KL,1,1,1,1,1
TCGA-S9-A6U1,1,0,1,1,1
TCGA-S9-A7IQ,1,0,1,1,1
TCGA-DU-6400,1,1,1,1,1
TCGA-FG-5962,1,1,1,1,1
TCGA-19-4068,0,1,0,0,0
TCGA-S9-A6UB,1,1,1,1,1
TCGA-06-0128,1,0,1,0,0
TCGA-06-0876,0,1,0,0,0
TCGA-02-0037,0,1,0,0,0
TCGA-S9-A7R1,1,1,1,1,1
TCGA-06-1086,0,0,0,0,0
TCGA-27-1835,0,1,0,0,0
TCGA-DU-8165,0,0,0,0,0
TCGA-19-1387,0,1,0,0,0
TCGA-DU-6404,0,0,0,0,0
TCGA-CS-4943,1,0,1,1,1
TCGA-QH-A65S,1,0,1,1,1
TCGA-S9-A6WO,1,0,1,1,1
TCGA-06-5411,0,0,0,0,0
TCGA-S9-A6TU,1,0,1,1,1
TCGA-HW-7495,1,1,1,1,1
TCGA-DB-A4XF,1,1,1,1,1
TCGA-S9-A7J3,1,1,1,1,1
TCGA-CS-5395,0,0,0,0,0
TCGA-CS-6290,1,0,1,1,1
TCGA-DU-5851,1,0,1,1,1
TCGA-S9-A6TS,1,0,1,0,1
TCGA-FG-A6J3,1,0,1,0,0
TCGA-HW-8320,1,0,1,1,1
