,accuracy,precision,recall,f1score,AUC,AP
ABCC3---Cluster2,0.58,0.5868055555555556,0.58,0.5716034271725826,0.5968,0.5630129969953249
ACN9---Cluster1,0.6,0.5686274509803921,0.565365025466893,0.5659722222222222,0.5432937181663837,0.4712842813911805
ACTC1---Cluster1,0.84,0.7333333333333334,0.6422764227642276,0.6677740863787375,0.6341463414634148,0.860876177704675
AEBP1---Cluster1,0.48,0.43493761140819964,0.4380305602716469,0.43576388888888884,0.35144312393887944,0.551380119136965
AGA,0.7,0.5466200466200466,0.55,0.5479204339963833,0.43999999999999995,0.7499966120697018
AGBL2,0.74,0.6246612466124661,0.6008771929824561,0.6081977094635322,0.7171052631578948,0.8923790407282962
ALDH1A3---Cluster2,0.76,0.6368563685636857,0.6177156177156178,0.625,0.5501165501165501,0.7931769635634395
ALDH3B1---Cluster1,0.58,0.5381944444444444,0.5392156862745098,0.5384615384615384,0.5508021390374331,0.4197032052914406
ALDH7A1,0.68,0.575,0.5595238095238095,0.5614035087719298,0.5634920634920635,0.7765213945858722
AMICA1---Cluster1,0.62,0.5552584670231729,0.5615079365079365,0.5558672276764843,0.5952380952380953,0.8231640898914349
AMMECR1---Cluster2,0.6,0.5348047538200339,0.5477855477855478,0.5238095238095237,0.6107226107226107,0.4605554244228117
AMT---Cluster1,0.62,0.5279720279720279,0.5220588235294117,0.5180111618467782,0.48897058823529416,0.7103736360010428
ANGPT1---Cluster2,0.58,0.5722495894909688,0.5714285714285714,0.5716034271725827,0.5519480519480519,0.5208007873121705
ANK3---Cluster1,0.82,0.6398809523809523,0.6561461794019934,0.6470588235294118,0.574750830564784,0.28423258935681295
ANKRD35---Cluster1,0.84,0.7023809523809523,0.7023809523809523,0.7023809523809523,0.761904761904762,0.9479595229912243
ANKRD45---Cluster1,0.6,0.4825174825174825,0.48571428571428577,0.48024948024948017,0.5523809523809524,0.3823940776765438
ANKRD5---Cluster1,0.6,0.4092140921409214,0.4303534303534303,0.4172494172494172,0.37837837837837834,0.676198399981929
ANKRD9---Cluster2,0.78,0.6924119241192412,0.6557017543859649,0.6684749849306811,0.6907894736842106,0.8363930860158674
AOX1---Cluster1,0.82,0.7168021680216803,0.7,0.7076023391812866,0.6699999999999999,0.8462526336068941
APITD1---Cluster1,0.54,0.5308441558441558,0.5311986863711001,0.5308037535699714,0.5763546798029557,0.5921933682494924
APOBEC3C,0.66,0.5845588235294117,0.5956340956340956,0.587178241864983,0.6382536382536383,0.8493969352445543
APOC2---Cluster1,0.64,0.5635964912280702,0.5533088235294117,0.5535714285714285,0.6801470588235294,0.846824064028867
AQP4,0.78,0.7,0.5986842105263157,0.6102055279943303,0.6864035087719298,0.8350943813708314
AQP5---Cluster1,0.72,0.5382059800664452,0.5268065268065268,0.5257452574525745,0.5990675990675991,0.8219921031499523
ARC,0.76,0.6802168021680217,0.6382536382536382,0.6503496503496504,0.6964656964656964,0.8488788761236059
ARHGEF19,0.58,0.5288624787775891,0.5337301587301587,0.525101763907734,0.6507936507936508,0.8386326877090419
ARL11---Cluster2,0.62,0.6200000000000001,0.6217532467532467,0.618627057406664,0.625,0.7070465830400813
ARL4C---Cluster1,0.58,0.4956140350877193,0.4964349376114082,0.4900437105390966,0.4777183600713012,0.6526323785755834
ARMCX2,0.74,0.7393887945670627,0.7288961038961039,0.7312939231087225,0.6737012987012987,0.6926795496301255
ARSA---Cluster1,0.62,0.4625,0.4688149688149688,0.46357989836250707,0.5862785862785862,0.8422987787683336
ARSD,0.62,0.34444444444444444,0.4305555555555556,0.38271604938271603,0.38095238095238093,0.7018537329719287
ATP10D,0.52,0.48047538200339557,0.47950089126559714,0.4791666666666667,0.5472370766488414,0.3740731229522334
ATP5G3,0.66,0.44352159468438535,0.46271929824561403,0.4476933073424301,0.4868421052631579,0.3126974938441373
ATP6V1G2,0.38,0.38,0.3798076923076923,0.37975190076030413,0.3782051282051282,0.4459885427274941
AVIL,0.72,0.717607973421927,0.6167557932263815,0.6162280701754386,0.6737967914438503,0.7822395731021082
B3GNT8,0.56,0.47619047619047616,0.47794117647058826,0.47619047619047616,0.573529411764706,0.7930536861516926
BACE2---Cluster1,0.72,0.375,0.47368421052631576,0.4186046511627907,0.4714912280701754,0.7292656048839866
BAK1---Cluster1,0.76,0.5934959349593496,0.5934959349593496,0.5934959349593496,0.6341463414634145,0.8628901622811015
BATF2,0.66,0.6337719298245614,0.6035653650254669,0.6026180458158019,0.6893039049235994,0.7314248946607207
BEST3,0.62,0.59375,0.5916808149405772,0.5924495924495925,0.5517826825127334,0.4571055349808498
BGN---Cluster1,0.56,0.5249999999999999,0.5275735294117647,0.5225694444444444,0.5845588235294118,0.4360279529912171
BLOC1S1---Cluster1,0.82,0.6561461794019934,0.6398809523809523,0.6470588235294118,0.6964285714285714,0.89329949146803
BST2---Cluster1,0.84,0.8222222222222222,0.668997668997669,0.7023809523809524,0.7156177156177156,0.8661250626830646
BTBD6,0.54,0.4841269841269842,0.4864176570458404,0.47987336047037543,0.48896434634974534,0.4044756150117915
BVES,0.6,0.5974235104669887,0.5974235104669887,0.5974235104669887,0.7214170692431563,0.7651237774832684
C10orf10,0.74,0.5643939393939393,0.5396270396270396,0.5393338058114813,0.6853146853146853,0.8981949433276628
C10orf107,0.86,0.739202657807309,0.7142857142857143,0.7254901960784313,0.8154761904761905,0.9535603341479859
C10orf35---Cluster2,0.54,0.48039215686274506,0.4797794117647059,0.47987336047037543,0.49264705882352944,0.6816864310792313
C10orf81,0.54,0.5357142857142857,0.5354267310789049,0.5353535353535354,0.5475040257648953,0.6065953158146771
C11orf63,0.78,0.6111111111111112,0.5625,0.5686274509803921,0.62,0.8294899523073709
C11orf9---Cluster1,0.54,0.525974025974026,0.5271646859083192,0.5245969408846631,0.44821731748726656,0.5830694392921043
C13orf29---Cluster1,0.7,0.5792540792540792,0.5745614035087719,0.5765104460756634,0.618421052631579,0.8243056181245922
C14orf106---Cluster1,0.76,0.6413043478260869,0.5570175438596491,0.5535714285714286,0.4539473684210526,0.7777549619108444
C15orf48,0.72,0.5625,0.5625,0.5625,0.725,0.9214329594782434
C16orf45,0.54,0.5354267310789049,0.5357142857142857,0.5353535353535354,0.6152597402597403,0.6770477168388247
C1orf135---Cluster1,0.7,0.6955128205128205,0.7071307300509337,0.6940024479804161,0.7657045840407469,0.7114542303248705
C1orf135---Cluster2,0.62,0.4242424242424242,0.4619047619047619,0.4273658830620856,0.4971428571428571,0.31949595557323485
C1orf59---Cluster2,0.66,0.6229235880398671,0.5642361111111112,0.5466666666666667,0.5034722222222222,0.6364123369516717
C1orf74---Cluster1,0.58,0.4375,0.4523809523809524,0.44,0.4666666666666667,0.29785700177204655
C1orf85,0.58,0.5257352941176471,0.5249554367201427,0.5251017639077341,0.5757575757575757,0.7055357749853501
C1QTNF2---Cluster1,0.5,0.5,0.5,0.47456914670029426,0.48639999999999994,0.5393185069774178
C1S---Cluster1,0.74,0.6048951048951049,0.6125,0.6081977094635322,0.6000000000000001,0.8609714200101328
C20orf195---Cluster2,0.72,0.6247086247086246,0.6112266112266113,0.6162280701754386,0.6902286902286902,0.8746773096137299
C3orf15,0.66,0.532520325203252,0.5238095238095238,0.5200451722190853,0.5337301587301588,0.39106216595712395
C3orf52---Cluster1,0.54,0.5577249575551783,0.5551948051948051,0.5383380168606986,0.547077922077922,0.7068870644715233
C4orf39,0.62,0.46270396270396275,0.4649122807017544,0.4635798983625071,0.4736842105263158,0.31529796645895714
C5orf25,0.6,0.6,0.6,0.6,0.5728,0.554835272002907
C5orf32---Cluster1,0.64,0.43189368770764114,0.4573804573804574,0.43749999999999994,0.2910602910602911,0.20809519651810054
C6orf141---Cluster1,0.82,0.8111111111111111,0.6535087719298246,0.6810772501771793,0.6732456140350878,0.8211462926647962
C6orf15,0.66,0.6428571428571428,0.6568627450980392,0.6427070197562001,0.6969696969696969,0.7957318942330244
C6orf57---Cluster1,0.7,0.47777777777777775,0.48903508771929827,0.4684620836286322,0.5592105263157894,0.3354891656171385
C7orf23,0.74,0.6363636363636364,0.5748440748440748,0.5776478232618583,0.604989604989605,0.7851034149829714
C7orf31,0.64,0.64,0.6485568760611206,0.6347402597402597,0.6825127334465195,0.7924720147745201
C7orf46---Cluster1,0.66,0.5456349206349207,0.5536130536130537,0.5466666666666667,0.5407925407925408,0.8169560716629952
C8orf38---Cluster1,0.76,0.7130977130977132,0.6952380952380952,0.7023809523809524,0.780952380952381,0.8909306102399691
C8orf79,0.78,0.6590909090909092,0.5979020979020979,0.6102055279943304,0.6130536130536131,0.7892054708535949
C9orf167---Cluster1,0.6,0.5894909688013137,0.5894909688013137,0.5894909688013137,0.6190476190476191,0.7075410017467062
C9orf40---Cluster2,0.6,0.6009615384615384,0.6009615384615384,0.6,0.6009615384615384,0.5842138400818232
C9orf68,0.82,0.7222222222222222,0.625,0.6470588235294118,0.6275,0.8353049003744878
C9orf89---Cluster2,0.7,0.6684027777777778,0.6729055258467023,0.6703296703296704,0.6934046345811051,0.5991631885570192
CA3---Cluster1,0.64,0.5081585081585082,0.5072765072765073,0.506578947368421,0.5800415800415801,0.8209099154407706
CACNG2---Cluster2,0.74,0.6375291375291375,0.6293859649122807,0.6329757199322417,0.7412280701754386,0.48175052494693055
CALCRL,0.66,0.489159891598916,0.49122807017543857,0.4876431585292345,0.493421052631579,0.3050701737617436
CAP2,0.72,0.6247086247086246,0.6112266112266113,0.6162280701754386,0.7234927234927235,0.8955667253150683
CAPG,0.7,0.5875,0.5727650727650728,0.5765104460756634,0.6403326403326404,0.8387951473664255
CARD9---Cluster1,0.76,0.6625,0.6425438596491229,0.6503496503496503,0.7741228070175439,0.9107868548748319
CCDC65,0.5,0.4144736842105263,0.433786078098472,0.415614773258532,0.4550084889643463,0.6333219227530975
CCR1,0.48,0.47947454844006565,0.48000000000000004,0.47665056360708535,0.5168,0.5441648328106623
CCR7,0.58,0.46825396825396826,0.46673596673596673,0.4672754946727549,0.5093555093555093,0.7442036055938022
CD248,0.68,0.6125,0.5827205882352942,0.5841995841995842,0.6341911764705882,0.7775199380946637
CD300LF,0.66,0.676948051948052,0.6850594227504245,0.6587715776796468,0.7555178268251272,0.874440633229477
CD4,0.62,0.5504385964912281,0.5409982174688057,0.5386109762020398,0.5793226381461675,0.7712048647215237
CD44---Cluster2,0.76,0.7196969696969697,0.6150793650793651,0.625,0.6150793650793651,0.510940914384998
CD48,0.68,0.4583333333333333,0.4758771929824562,0.4579945799457995,0.668859649122807,0.8643940374333398
CD83---Cluster1,0.74,0.5813008130081301,0.575,0.5776478232618583,0.6175,0.8617285429114532
CD93---Cluster1,0.72,0.5625,0.5625,0.5625,0.6275000000000001,0.8832985813242721
CEBPD---Cluster1,0.66,0.6841491841491842,0.6282467532467533,0.6155585707824515,0.6623376623376623,0.6643690055771889
CEBPG---Cluster1,0.54,0.5294117647058824,0.5257648953301127,0.5166036149642708,0.49597423510466987,0.447878163163667
CHAC1---Cluster1,0.4,0.39583333333333337,0.39166666666666666,0.39123376623376627,0.41333333333333333,0.5898370430060844
CHAF1B,0.56,0.5576923076923077,0.5584415584415584,0.5571658615136876,0.5535714285714286,0.6617805305063214
CHI3L2---Cluster1,0.52,0.5034722222222222,0.5032467532467533,0.5,0.6038961038961039,0.6732342088536128
CHL1,0.62,0.48006644518272423,0.4889705882352941,0.463579898362507,0.5238970588235294,0.706533594824761
CHRNA9---Cluster1,0.5,0.4949066213921901,0.4951923076923077,0.4900040799673603,0.5512820512820513,0.5743355162412415
CIB2,0.58,0.5422794117647058,0.5390492359932089,0.5384615384615384,0.5263157894736842,0.6260554062700565
CIITA---Cluster1,0.78,0.632890365448505,0.6,0.6102055279943303,0.6675,0.865304247638847
CISH,0.54,0.3,0.421875,0.3506493506493506,0.4097222222222222,0.31324868190406774
CLDN1,0.52,0.5178571428571428,0.5176282051282051,0.5169082125603864,0.5176282051282052,0.5681430600912475
CLEC12A,0.48,0.3492723492723493,0.3619047619047619,0.3551587301587301,0.41333333333333333,0.6730108342430752
CLEC2B---Cluster1,0.58,0.4370629370629371,0.4464285714285714,0.43999999999999995,0.5099206349206349,0.742370372423116
CLN6---Cluster3,0.82,0.7222222222222222,0.625,0.6470588235294118,0.595,0.8317142056209027
CMBL---Cluster1,0.68,0.5555555555555556,0.5238095238095238,0.5,0.48571428571428577,0.32030794022815295
COL12A1---Cluster1,0.34,0.32305194805194803,0.3149405772495756,0.3178999586606036,0.40407470288624786,0.6033691349323909
COL6A1---Cluster2,0.5,0.45036764705882354,0.4541595925297114,0.45054945054945056,0.4176570458404075,0.33786929984253783
COL8A1,0.54,0.5059523809523809,0.5049261083743842,0.4945054945054945,0.4679802955665025,0.5674102478124337
COLEC11---Cluster1,0.52,0.4833333333333333,0.48161764705882354,0.47916666666666663,0.5386029411764706,0.7306095468668652
CPA4---Cluster1,0.78,0.5380434782608696,0.518970189701897,0.5137046861184792,0.7859078590785908,0.9482707222549491
CPA6,0.66,0.525,0.5207900207900208,0.5200451722190852,0.5717255717255717,0.8139999030220626
CROT---Cluster2,0.76,0.5111111111111111,0.5067750677506775,0.5016611295681063,0.5094850948509486,0.8408783778263884
CSRP1---Cluster1,0.52,0.4670138888888889,0.4650735294117647,0.4652406417112299,0.5330882352941176,0.717725218201313
CTSC,0.58,0.5666666666666667,0.5568181818181819,0.5495495495495495,0.5438311688311688,0.6431150304852357
CUL1,0.76,0.6888888888888889,0.5883575883575883,0.5934959349593496,0.688149688149688,0.8625922658194021
CYP2S1---Cluster2,0.58,0.5919540229885057,0.5909090909090908,0.5798319327731093,0.5957792207792207,0.7230492322399008
CYP7B1,0.64,0.3902439024390244,0.3902439024390244,0.3902439024390244,0.3821138211382114,0.7827430205470757
CYR61,0.66,0.6626016260162602,0.6,0.587178241864983,0.5316666666666667,0.5596199942354501
DCHS1---Cluster1,0.52,0.44841269841269843,0.4548611111111111,0.4485294117647059,0.5277777777777779,0.3700705373599991
DCTD---Cluster1,0.74,0.6096345514950166,0.5723684210526316,0.5776478232618583,0.6447368421052632,0.8458378437729631
DDX43,0.62,0.5815972222222222,0.5837789661319073,0.5824175824175825,0.5561497326203209,0.6928516896262252
DEDD2---Cluster1,0.84,0.7333333333333334,0.6422764227642276,0.6677740863787375,0.6314363143631436,0.866363094439002
DEPDC1---Cluster1,0.54,0.41476091476091476,0.4186507936507936,0.4165398274987316,0.375,0.2629463404654965
DHX58,0.56,0.5347222222222222,0.5333333333333333,0.533106960950764,0.5916666666666667,0.7275944912012794
DIRAS3---Cluster1,0.54,0.5089126559714795,0.5083333333333333,0.5066495066495066,0.48666666666666664,0.5927588501637125
DMBX1,0.8,0.5489130434782609,0.5267857142857143,0.5265151515151516,0.6934523809523809,0.908633407628562
DNMT3A---Cluster2,0.46,0.2875,0.3484848484848485,0.3150684931506849,0.39928698752228164,0.648150269332447
DOK2,0.8,0.7479674796747967,0.6902286902286903,0.7086247086247086,0.7733887733887734,0.899337011020755
DOK5---Cluster1,0.8,0.7771739130434783,0.611842105263158,0.6279761904761905,0.662280701754386,0.8572717666783696
DPP7---Cluster1,0.8,0.6704545454545454,0.6125,0.6279761904761905,0.7374999999999999,0.9237932497402132
DSE---Cluster1,0.56,0.4282744282744283,0.4282744282744283,0.4282744282744283,0.4345114345114345,0.7609022433732833
DUSP1---Cluster2,0.74,0.5888888888888889,0.543859649122807,0.5393338058114813,0.6162280701754386,0.8346199109893595
DUSP23,0.6,0.45175438596491224,0.45175438596491224,0.45175438596491224,0.5043859649122807,0.24960555701654774
EFCAB1---Cluster1,0.62,0.551490514905149,0.5329861111111112,0.5180111618467782,0.5972222222222223,0.7530991963172581
EFEMP1---Cluster1,0.72,0.5980066445182725,0.5613305613305614,0.5625,0.683991683991684,0.8159784997506085
EFEMP2---Cluster1,0.8,0.8,0.6403326403326404,0.6612466124661247,0.6299376299376299,0.8388882760999591
EFNB2---Cluster1,0.68,0.6314363143631436,0.5864527629233511,0.5841995841995842,0.7397504456327986,0.5513968779450635
EGLN2---Cluster1,0.5,0.5,0.5,0.49979991996798717,0.5904,0.6166382339275487
EHD2---Cluster2,0.54,0.4114219114219114,0.43014705882352944,0.41653982749873164,0.5147058823529411,0.7277774004582879
EHD3---Cluster2,0.64,0.5972222222222222,0.5850694444444444,0.5863970588235294,0.6579861111111112,0.529542056448493
ELL3---Cluster1,0.6,0.5569852941176471,0.5538194444444444,0.554367201426025,0.5381944444444444,0.6712809426688495
EMILIN2---Cluster2,0.66,0.6205821205821206,0.6006944444444444,0.6026180458158018,0.6354166666666666,0.4537051598674807
EMP2---Cluster1,0.6,0.5942982456140351,0.5698051948051948,0.5543672014260249,0.599025974025974,0.585214475334335
EMP3---Cluster1,0.74,0.5498338870431894,0.5375,0.5393338058114812,0.5925,0.8302070821119104
ENG---Cluster1,0.76,0.6212624584717608,0.5850815850815851,0.5934959349593496,0.710955710955711,0.9110461231265022
EPHA2---Cluster1,0.82,0.7757475083056479,0.6820175438596491,0.7076023391812865,0.7346491228070176,0.8908229263257504
EREG---Cluster2,0.68,0.6071428571428572,0.5661764705882353,0.5614035087719298,0.5974264705882353,0.759272987415355
ERRFI1,0.68,0.696969696969697,0.638752052545156,0.6323529411764706,0.6633825944170771,0.677325847743369
EYA2---Cluster2,0.4,0.40224358974358976,0.400974025974026,0.39903846153846156,0.39935064935064934,0.5323759106385372
F13A1---Cluster1,0.7,0.6136363636363636,0.5571428571428572,0.5479204339963833,0.5866666666666667,0.7439111733903623
F2RL2---Cluster1,0.8,0.7479674796747967,0.6902286902286903,0.7086247086247086,0.5883575883575883,0.7818961751720792
FAH---Cluster1,0.68,0.6091476091476091,0.6000000000000001,0.6031746031746031,0.5676190476190476,0.7227756226210246
FAIM---Cluster1,0.72,0.4090909090909091,0.42857142857142855,0.4186046511627907,0.37500000000000006,0.8295549237050993
FAIM3---Cluster1,0.66,0.5767543859649122,0.5666666666666667,0.5687468290208016,0.6114285714285714,0.8099799496919255
FAM111A,0.64,0.4780701754385965,0.475,0.47552447552447547,0.6475,0.2786715506715507
FAM114A1---Cluster2,0.7,0.556910569105691,0.5460526315789473,0.5479204339963833,0.5679824561403509,0.8414775260936986
FAM124B---Cluster1,0.68,0.6091476091476091,0.6000000000000001,0.6031746031746031,0.6704761904761904,0.8176013627428436
FAM19A3---Cluster2,0.6,0.5694444444444444,0.5583333333333333,0.554367201426025,0.585,0.6436925665249105
FAM3C,0.5,0.4563492063492064,0.46387520525451564,0.45054945054945056,0.4285714285714286,0.5739412583329736
FAM50B,0.7,0.6002710027100271,0.5734126984126984,0.5765104460756635,0.6706349206349207,0.8261195107743161
FAM89A---Cluster1,0.56,0.5738539898132428,0.5700483091787439,0.5571658615136876,0.605475040257649,0.6695424929519733
FBXO17---Cluster1,0.7,0.5875,0.5727650727650728,0.5765104460756634,0.6528066528066527,0.8088752294573325
FBXO4---Cluster1,0.8,0.6973684210526316,0.725,0.7086247086247086,0.7675,0.9278501373301922
FBXO6---Cluster1,0.56,0.5539452495974235,0.555008210180624,0.5535714285714286,0.5911330049261084,0.6923898485474768
FGF1---Cluster1,0.64,0.5635964912280702,0.5533088235294117,0.5535714285714285,0.5569852941176471,0.7717344900960785
FGFBP2,0.4,0.4236453201970443,0.41711229946524064,0.3961352657004831,0.46167557932263814,0.33275791975482377
FHL3---Cluster1,0.78,0.5871212121212122,0.5623306233062331,0.5686274509803921,0.5609756097560976,0.8566564222655568
FHOD1,0.68,0.6022727272727273,0.5496323529411764,0.5337995337995338,0.71875,0.4851579309678447
FIBIN,0.4,0.3938879456706282,0.4,0.3912337662337662,0.38720000000000004,0.47601189427311774
FKBP5---Cluster1,0.7,0.6523809523809524,0.6470588235294117,0.6493688639551193,0.6360294117647058,0.7746377594688985
FKBP9---Cluster1,0.82,0.7222222222222222,0.625,0.6470588235294118,0.6000000000000001,0.8461045001627127
FLNB---Cluster1,0.68,0.5337995337995338,0.5337995337995338,0.5337995337995338,0.3799533799533799,0.21315151647394096
FLNC---Cluster1,0.78,0.6590909090909092,0.5979020979020979,0.6102055279943304,0.662004662004662,0.8537050107966185
FN1---Cluster1,0.6,0.5909822866344605,0.5959252971137521,0.5894909688013137,0.6383701188455009,0.6947150169464429
FNDC3B---Cluster1,0.74,0.6746361746361746,0.6666666666666667,0.6702181633688484,0.7281746031746033,0.837013526869276
FOXD1---Cluster1,0.64,0.6347402597402598,0.6347402597402598,0.6347402597402598,0.6006493506493507,0.5186965453887236
FOXJ1---Cluster1,0.78,0.6521739130434783,0.5652680652680653,0.5686274509803921,0.49883449883449876,0.7832171688951056
FSTL1---Cluster1,0.76,0.6477272727272727,0.5855263157894737,0.5934959349593496,0.6644736842105263,0.8440908911713932
FUCA2,0.54,0.54,0.5405844155844155,0.5383380168606985,0.5649350649350648,0.5799993135642427
FXYD1,0.76,0.6477272727272727,0.5855263157894737,0.5934959349593496,0.6535087719298246,0.845992039807481
FZD6---Cluster1,0.62,0.5396825396825397,0.5380952380952381,0.5386109762020398,0.6114285714285714,0.8179615965749161
FZD7,0.7,0.5684523809523809,0.5478170478170479,0.5479204339963833,0.7130977130977131,0.43576338500437173
GAL3ST4---Cluster2,0.64,0.6194852941176471,0.6083333333333334,0.609375,0.5966666666666667,0.6780656788122135
GALC,0.36,0.33333333333333337,0.33333333333333337,0.33333333333333337,0.42,0.3708152993528191
GALM,0.58,0.39999999999999997,0.41683991683991684,0.40711462450592883,0.45738045738045735,0.7185879190931325
GALNT14---Cluster1,0.56,0.4715447154471545,0.48217317487266553,0.4543650793650794,0.6502546689303904,0.4746354863900413
GALNT5---Cluster1,0.76,0.6368563685636857,0.6177156177156178,0.625,0.6946386946386947,0.8745503200042114
GALR1---Cluster2,0.58,0.3958333333333333,0.43333333333333335,0.40711462450592883,0.5695238095238095,0.34265205815287914
GAS2L3,0.64,0.5795454545454546,0.5364583333333334,0.506578947368421,0.6319444444444444,0.45586579039997066
GBE1---Cluster1,0.62,0.5504385964912281,0.5409982174688057,0.5386109762020398,0.5276292335115864,0.6877710910160486
GBP3,0.7,0.526578073089701,0.5175438596491229,0.5126705653021443,0.543859649122807,0.7888971286184688
GBP4---Cluster1,0.56,0.5432937181663837,0.541871921182266,0.5416666666666666,0.5796387520525451,0.7147500386721553
GCH1---Cluster1,0.68,0.683991683991684,0.645320197044335,0.64349376114082,0.6157635467980296,0.6726602888311703
GDF15---Cluster2,0.66,0.532520325203252,0.5238095238095238,0.5200451722190853,0.4662698412698413,0.6718250207985468
GFPT2---Cluster1,0.64,0.6029411764705883,0.5972222222222222,0.5989304812834224,0.6875,0.5019057639890974
GHDC---Cluster1,0.66,0.6507352941176471,0.6346469622331692,0.6353496353496353,0.6239737274220034,0.6387965023167054
GNG12,0.76,0.6888888888888889,0.5883575883575883,0.5934959349593496,0.6382536382536382,0.44598844269055604
GNPNAT1,0.68,0.5375,0.5328947368421053,0.5337995337995338,0.5241228070175439,0.2930152431342908
GPD1---Cluster1,0.5,0.5048701298701299,0.5048309178743962,0.49979991996798717,0.47987117552334946,0.44429144903879936
GPNMB---Cluster1,0.7,0.5952380952380952,0.6118881118881119,0.6000000000000001,0.5757575757575758,0.8387679654363732
GPR128,0.82,0.7537878787878788,0.6561771561771561,0.6810772501771793,0.6480186480186481,0.848249829304247
GPR17---Cluster1,0.76,0.41304347826086957,0.4523809523809524,0.4318181818181818,0.6309523809523809,0.9175155920401973
GPR176,0.64,0.6179966044142615,0.6179966044142615,0.6179966044142615,0.6638370118845501,0.735654960212333
GPR180---Cluster2,0.5,0.4338235294117647,0.43582887700534756,0.43464495703301675,0.47950089126559714,0.6612011269808691
GPR27,0.76,0.7351443123938879,0.7468805704099821,0.7395833333333334,0.7593582887700534,0.7619270594011079
GZMB---Cluster1,0.7,0.6904761904761905,0.6666666666666667,0.6703296703296704,0.74,0.8287335573060955
H1F0,0.52,0.4,0.4305555555555556,0.40476190476190466,0.4131944444444445,0.6285402373986669
HAND2---Cluster2,0.54,0.5955882352941176,0.5882852292020373,0.5383380168606984,0.5415959252971136,0.7183076945523084
HDDC3,0.7,0.526578073089701,0.5175438596491229,0.5126705653021443,0.5570175438596491,0.3405995673243326
HERC5,0.5,0.4338235294117647,0.43582887700534756,0.43464495703301675,0.5864527629233511,0.4737202104815512
HFE,0.86,0.8097826086956521,0.6544715447154471,0.6905393457117595,0.6558265582655827,0.8884172388436815
HGF---Cluster1,0.54,0.5416666666666667,0.5418679549114331,0.5398159263705482,0.5378421900161031,0.6343302285630159
HIST1H2BH---Cluster1,0.64,0.5081585081585082,0.5072765072765073,0.506578947368421,0.6382536382536381,0.827128430303103
HIST1H2BJ---Cluster1,0.66,0.489159891598916,0.49122807017543857,0.4876431585292345,0.3728070175438596,0.71893076247235
HIST1H2BK---Cluster3,0.68,0.4583333333333333,0.4758771929824562,0.4579945799457995,0.5679824561403509,0.2736436103998448
HIST1H4J,0.5,0.5048309178743962,0.5048701298701299,0.49979991996798717,0.47077922077922085,0.6157180490140401
HOPX---Cluster1,0.6,0.45257452574525747,0.4666666666666667,0.45175438596491235,0.47047619047619044,0.728567908056751
HOXB9---Cluster2,0.46,0.45999999999999996,0.4565972222222222,0.44920440636474906,0.46875,0.5950897046034762
HOXC10---Cluster1,0.64,0.475,0.4780701754385965,0.47552447552447547,0.5087719298245614,0.7897447174818664
HPD---Cluster1,0.8,0.7771739130434783,0.611842105263158,0.6279761904761905,0.7083333333333334,0.855492008449665
HPDL---Cluster1,0.66,0.5033222591362125,0.501984126984127,0.48764315852923446,0.5257936507936508,0.7664654644374054
HPS1---Cluster1,0.58,0.3970189701897019,0.4246031746031746,0.40711462450592883,0.3611111111111111,0.6685577283032369
HPS3---Cluster1,0.76,0.6212624584717608,0.5850815850815851,0.5934959349593496,0.6456876456876457,0.8757536013073576
HRASLS,0.6,0.6026272577996716,0.6000000000000001,0.5974235104669887,0.6063999999999999,0.5911163199451499
HS3ST3B1---Cluster2,0.5,0.46691176470588236,0.47044334975369456,0.4637494637494637,0.4729064039408867,0.4182866810986544
HSD17B7P2---Cluster1,0.62,0.5380952380952381,0.5396825396825397,0.5386109762020398,0.5376984126984127,0.3448788501933148
HSD3B7---Cluster1,0.66,0.6602564102564102,0.66,0.6598639455782312,0.6976,0.7317735864706736
HSPA1A---Cluster1,0.5,0.46691176470588236,0.47044334975369456,0.4637494637494637,0.5287356321839081,0.45814341629240773
HSPB2---Cluster2,0.6,0.4825174825174825,0.48571428571428577,0.48024948024948017,0.5314285714285714,0.7703907204438989
HSPB6,0.48,0.4357638888888889,0.4357638888888889,0.4357638888888889,0.43923611111111116,0.6314817732309999
HYAL2---Cluster1,0.62,0.5187110187110187,0.5178571428571428,0.5180111618467782,0.5615079365079365,0.8040963615323796
IFI44,0.6,0.44999999999999996,0.46031746031746035,0.4517543859649122,0.4642857142857143,0.7039355657086487
IFIH1---Cluster1,0.62,0.5606060606060606,0.5451388888888888,0.5386109762020399,0.5833333333333333,0.7555681025583425
IFITM2,0.58,0.5753205128205128,0.5797962648556876,0.5716034271725826,0.6502546689303905,0.7323660183904994
IGF2BP3---Cluster1,0.64,0.6247987117552335,0.6476190476190475,0.6179966044142613,0.6990476190476191,0.4946332137828328
IGFBP5---Cluster2,0.68,0.6091476091476091,0.6000000000000001,0.6031746031746031,0.6228571428571429,0.4304008483974694
IGFBP6---Cluster3,0.76,0.5602836879432624,0.5198135198135198,0.5016611295681063,0.5897435897435896,0.8549737799490373
IL17B---Cluster1,0.68,0.5059523809523809,0.5043859649122807,0.5,0.5679824561403509,0.8162780724379184
IL1R2,0.7,0.5178571428571428,0.513986013986014,0.5126705653021443,0.5104895104895104,0.8158350883988179
IL2RA---Cluster1,0.58,0.5023310023310024,0.5017361111111112,0.4900437105390967,0.5624999999999999,0.7178683368487373
IL2RG---Cluster1,0.6,0.5257936507936508,0.5238970588235294,0.5238095238095238,0.5165441176470589,0.41408717118212796
IL32,0.64,0.609375,0.609375,0.609375,0.5972222222222223,0.7278600609884316
ILVBL---Cluster1,0.5,0.5080515297906603,0.5083333333333333,0.4981934965877157,0.5816666666666667,0.7181988565266482
IMPACT---Cluster1,0.76,0.5614617940199336,0.5501355013550135,0.5535714285714286,0.5853658536585366,0.8712411893390188
IRAK3---Cluster1,0.64,0.35555555555555557,0.43243243243243246,0.3902439024390244,0.46777546777546775,0.7571188279344256
IRF1,0.64,0.5989304812834224,0.5989304812834224,0.5989304812834224,0.6310160427807486,0.458010664215993
IRF7---Cluster2,0.64,0.475,0.4780701754385965,0.47552447552447547,0.5657894736842106,0.27024081251702037
ISG20,0.74,0.6363636363636364,0.5748440748440748,0.5776478232618583,0.5841995841995842,0.7925475946585749
ISYNA1---Cluster1,0.66,0.5536130536130537,0.5456349206349207,0.5466666666666667,0.5694444444444444,0.7747784599943199
ITGA4,0.54,0.4335548172757475,0.4666666666666667,0.4165398274987316,0.38166666666666665,0.35754208597113835
ITGB4---Cluster2,0.66,0.5869565217391304,0.5285204991087344,0.4876431585292345,0.7450980392156863,0.5207046260160446
ITGB5,0.56,0.5571658615136876,0.5571658615136876,0.5571658615136876,0.5925925925925926,0.636938814974237
ITGB7,0.8,0.6222222222222222,0.5745257452574526,0.584717607973422,0.6205962059620596,0.881869475533203
ITGBL1---Cluster1,0.72,0.5980066445182725,0.5613305613305614,0.5625,0.5883575883575883,0.8201798890460779
JUP,0.68,0.6875,0.625,0.6190476190476191,0.7433333333333333,0.6861533101227779
KCNA4---Cluster1,0.44,0.425,0.42694805194805197,0.4252873563218391,0.44805194805194803,0.40998782485354973
KCNE1L---Cluster1,0.58,0.5797962648556876,0.5753205128205128,0.5716034271725826,0.5833333333333334,0.6754733884409082
KCNE3---Cluster1,0.68,0.5990675990675991,0.580952380952381,0.5841995841995842,0.539047619047619,0.745344498548364
KCNIP3---Cluster2,0.8,0.7043189368770764,0.6433566433566433,0.6612466124661247,0.7156177156177156,0.5139271676036381
KCTD4,0.72,0.5803571428571428,0.5592105263157895,0.5625,0.5504385964912281,0.4469722321384725
KCTD9---Cluster1,0.64,0.5203252032520325,0.5142857142857143,0.506578947368421,0.6742857142857143,0.8616645137399098
KDELR3---Cluster1,0.62,0.5761904761904761,0.5694444444444444,0.5703301673450927,0.5763888888888888,0.7041857362561142
KIAA0040---Cluster1,0.46,0.432088285229202,0.43333333333333335,0.43253467843631777,0.4066666666666667,0.5468625217179361
KIAA1377,0.56,0.45322245322245325,0.4571428571428572,0.45436507936507936,0.5771428571428572,0.34143962166257985
KLHL6---Cluster1,0.72,0.5803571428571428,0.5592105263157895,0.5625,0.6030701754385965,0.8386987454202395
LAMA2,0.44,0.4318555008210181,0.4331723027375201,0.43181818181818177,0.49114331723027377,0.591579866522737
LAMA4---Cluster1,0.46,0.4219015280135824,0.4201388888888889,0.4208494208494209,0.453125,0.6614248175980524
LAMC1,0.54,0.4692982456140351,0.4762308998302207,0.4623655913978495,0.42614601018675724,0.353400500798695
LATS2---Cluster1,0.74,0.5922619047619048,0.5722610722610723,0.5776478232618584,0.6293706293706294,0.8302598134534297
LCTL---Cluster2,0.62,0.6233974358974359,0.6264367816091954,0.6186270574066639,0.7192118226600985,0.6343510519654049
LDHA---Cluster1,0.6,0.5828877005347594,0.5763546798029556,0.5755517826825127,0.6009852216748769,0.6416694449947021
LGALS1,0.4,0.39737274220032837,0.4,0.3961352657004831,0.28800000000000003,0.40561044490366926
LGALS8,0.64,0.43360433604336046,0.4428904428904429,0.43749999999999994,0.5128205128205128,0.8230280661314573
LHFPL2---Cluster1,0.7,0.6002710027100271,0.5734126984126984,0.5765104460756635,0.6111111111111112,0.8034078013358481
LIF---Cluster2,0.62,0.5916808149405772,0.59375,0.5924495924495925,0.6736111111111112,0.7640892680204017
LIMD1---Cluster1,0.72,0.6309523809523809,0.5873015873015872,0.592074592074592,0.6924603174603174,0.8592660018268652
LITAF,0.6,0.5659722222222222,0.5659722222222222,0.5659722222222222,0.6597222222222222,0.7621504125918181
LMCD1---Cluster1,0.84,0.7579365079365079,0.825,0.7807017543859649,0.9025,0.970628068836975
LMNA---Cluster1,0.66,0.6111111111111112,0.5998217468805704,0.6026180458158018,0.7379679144385026,0.6437539562680603
LMO2,0.76,0.625,0.625,0.625,0.6174999999999999,0.854408920309476
LOXL2---Cluster2,0.58,0.5797962648556876,0.5753205128205128,0.5716034271725826,0.5833333333333333,0.6199913901251413
LOXL3---Cluster1,0.82,0.6818181818181819,0.6300813008130082,0.6470588235294118,0.6449864498644986,0.8662009267592674
LRRC32,0.66,0.5536130536130537,0.5456349206349207,0.5466666666666667,0.628968253968254,0.8264058028244445
LRRC4,0.64,0.4356060606060606,0.4662698412698413,0.4375,0.46031746031746035,0.266043694736478
LRRC8E,0.76,0.7156177156177156,0.6761904761904762,0.6881496881496882,0.7047619047619047,0.8443827681112666
LRRFIP1---Cluster1,0.7,0.5792540792540792,0.5745614035087719,0.5765104460756634,0.6052631578947368,0.8074968495799133
LUM,0.6,0.5894909688013137,0.5894909688013137,0.5894909688013137,0.5977011494252873,0.5700232192603727
LXN---Cluster1,0.8,0.6785714285714286,0.65,0.6612466124661246,0.7875,0.9410681803880958
LY6E---Cluster1,0.78,0.5380434782608696,0.518970189701897,0.5137046861184792,0.5311653116531165,0.8543380522837487
LY75---Cluster1,0.74,0.6096345514950166,0.5723684210526316,0.5776478232618583,0.5789473684210527,0.7935582109840739
LYN,0.76,0.6212624584717608,0.5850815850815851,0.5934959349593496,0.6223776223776223,0.8506639669858432
LYPD5,0.5,0.4625779625779626,0.4707792207792208,0.45054945054945056,0.5,0.5950025466714662
LYSMD4,0.5,0.48051948051948057,0.47860962566844917,0.47456914670029426,0.5169340463458111,0.3907280104247587
LYZ,0.54,0.48039215686274506,0.4797794117647059,0.47987336047037543,0.556985294117647,0.7719634644182961
MAB21L1,0.66,0.5457380457380457,0.5482456140350878,0.5466666666666667,0.5372807017543859,0.7652325990796007
MAGEC2,0.6,0.5993589743589745,0.5993589743589745,0.5993589743589745,0.5977564102564102,0.5808383255965677
MAGEE2---Cluster1,0.62,0.508130081300813,0.5055147058823529,0.4933333333333334,0.5367647058823529,0.6855977006575658
MAP3K6---Cluster1,0.68,0.5565476190476191,0.5376984126984127,0.5337995337995338,0.5178571428571429,0.35642325510746564
MARVELD1---Cluster1,0.66,0.6229235880398671,0.5642361111111112,0.5466666666666667,0.6319444444444444,0.5607691371997827
MCM2---Cluster1,0.8,0.7771739130434783,0.611842105263158,0.6279761904761905,0.5350877192982456,0.760613354235251
MEOX2,0.72,0.6375,0.6091269841269842,0.6162280701754386,0.6746031746031746,0.8559496457152979
MESDC1---Cluster2,0.66,0.38372093023255816,0.4125,0.3975903614457831,0.47000000000000003,0.8207742341347768
MET---Cluster1,0.82,0.7537878787878788,0.6561771561771561,0.6810772501771793,0.7622377622377623,0.9185228972732724
MFNG---Cluster2,0.56,0.4781704781704782,0.4812834224598931,0.47619047619047616,0.5080213903743316,0.6867460754938691
MFSD7---Cluster1,0.64,0.5636856368563685,0.5418894830659536,0.5322245322245321,0.6648841354723707,0.7796953985735988
MICB,0.72,0.3673469387755102,0.4864864864864865,0.41860465116279066,0.525987525987526,0.3016575254068946
MINA,0.52,0.5176282051282051,0.5178571428571428,0.5169082125603864,0.5633116883116883,0.49862650460662683
MIPOL1---Cluster1,0.76,0.5271739130434783,0.5125000000000001,0.5016611295681063,0.5750000000000001,0.2873087871512241
MLH3,0.64,0.6078098471986417,0.6131907308377897,0.609375,0.5614973262032086,0.6739575420788531
MMP2---Cluster1,0.7,0.5863787375415282,0.5515873015873015,0.5479204339963832,0.5674603174603176,0.742048165006624
MMP9---Cluster1,0.74,0.65,0.6247401247401247,0.6329757199322417,0.6153846153846154,0.7887696695029123
MOSC2,0.76,0.6041666666666667,0.5875,0.5934959349593496,0.75,0.9314313864900926
MOXD1,0.56,0.5576923076923077,0.5584415584415584,0.5571658615136876,0.573051948051948,0.6385036246643373
MPZ---Cluster1,0.56,0.5104166666666666,0.5110294117647058,0.5098039215686275,0.5716911764705882,0.7513552717803217
MR1,0.72,0.5691056910569106,0.5594405594405594,0.5625,0.641025641025641,0.8546214648122131
MRPL41,0.58,0.3970189701897019,0.4246031746031746,0.40711462450592883,0.4246031746031746,0.6552134484168747
MS4A6A,0.5,0.4513888888888889,0.4500891265597148,0.4505494505494506,0.4741532976827095,0.6996500743082859
MT2A---Cluster2,0.8,0.7641196013289037,0.6652806652806653,0.6875,0.7110187110187111,0.8532889315514784
MT3---Cluster1,0.68,0.618421052631579,0.5992647058823529,0.6031746031746031,0.6378676470588236,0.7971561398342812
MX1,0.74,0.6363636363636364,0.5748440748440748,0.5776478232618583,0.5904365904365905,0.8145315893590639
MYBL2---Cluster1,0.82,0.6818181818181819,0.6300813008130082,0.6470588235294118,0.7100271002710028,0.9244699584665683
MYO1C,0.54,0.4809523809523809,0.4826388888888889,0.4798733604703754,0.5,0.7052637705132402
N6AMT2,0.74,0.7399355877616747,0.7387820512820513,0.7390606182256122,0.7644230769230769,0.7769795368355187
NAGA---Cluster2,0.78,0.7380952380952381,0.7285714285714285,0.7328800388538126,0.8019047619047618,0.8962665646580051
NANP,0.62,0.5935550935550935,0.575,0.5703301673450927,0.5866666666666667,0.5138575066035689
NCAPD2---Cluster1,0.7,0.4166666666666667,0.4069767441860465,0.4117647058823529,0.45514950166112955,0.8635925505574976
NCAPH---Cluster1,0.62,0.5375000000000001,0.5267379679144385,0.5180111618467783,0.4901960784313726,0.6878904305249599
NCKAP1L---Cluster1,0.74,0.5416666666666667,0.537940379403794,0.5393338058114813,0.5501355013550135,0.8330217865269828
NDUFA12---Cluster2,0.72,0.5054347826086957,0.5021929824561403,0.47916666666666663,0.5043859649122807,0.7698951076555153
NDUFS5---Cluster1,0.54,0.5377668308702792,0.5368589743589743,0.5353535353535354,0.5737179487179487,0.5613564864095151
NEK11---Cluster1,0.44,0.43933823529411764,0.4471153846153846,0.4252873563218391,0.5144230769230769,0.5262288751909648
NFATC4---Cluster1,0.6,0.594551282051282,0.6024305555555556,0.5894909688013136,0.6805555555555556,0.774443626201238
NFE2L3---Cluster2,0.46,0.43229166666666663,0.4359605911330049,0.43253467843631777,0.45320197044334976,0.6075533430728894
NHLH1---Cluster1,0.6,0.5476190476190476,0.5416666666666666,0.5404411764705883,0.560763888888889,0.7340141335140443
NINJ1---Cluster1,0.62,0.5615079365079365,0.5552584670231729,0.5558672276764843,0.5311942959001783,0.6841150368884317
NIPSNAP3A,0.56,0.5475040257648953,0.5525846702317291,0.5416666666666667,0.5436720142602496,0.7157670036202145
NLGN2---Cluster1,0.58,0.5390492359932089,0.5422794117647058,0.5384615384615384,0.5128676470588236,0.34178436502903353
NLGN2---Cluster2,0.56,0.5700483091787439,0.5738539898132428,0.5571658615136876,0.5110356536502546,0.4464970064570516
NME3---Cluster1,0.7,0.6002710027100271,0.5734126984126984,0.5765104460756635,0.7222222222222222,0.5855581383655504
NMI---Cluster1,0.62,0.6359649122807017,0.5998389694041868,0.5824175824175823,0.6489533011272142,0.6205658781462751
NMUR1---Cluster1,0.58,0.5249554367201427,0.5257352941176471,0.5251017639077341,0.5349264705882353,0.7441828348568733
NNAT,0.74,0.6096345514950166,0.5723684210526316,0.5776478232618583,0.5855263157894738,0.8184440710044553
NNMT,0.46,0.4490968801313629,0.4496753246753247,0.4492044063647491,0.5438311688311688,0.5918846874768281
NOD1,0.6,0.5977564102564102,0.599025974025974,0.5974235104669887,0.5551948051948052,0.46493235363566965
NOTCH3---Cluster1,0.56,0.5098039215686274,0.5098039215686274,0.5098039215686274,0.46702317290552586,0.6431304097469244
NQO1---Cluster1,0.56,0.535303776683087,0.5383244206773619,0.533106960950764,0.42602495543672014,0.3632487459983753
NRN1---Cluster2,0.54,0.46465696465696466,0.4704861111111111,0.4623655913978495,0.546875,0.3920299289348904
NUDT16---Cluster1,0.86,0.8333333333333334,0.6875,0.7254901960784313,0.755,0.92338785308737
NUP210---Cluster1,0.44,0.41666666666666663,0.42207792207792205,0.41666666666666663,0.4058441558441558,0.40128251067731635
OLFML2B---Cluster1,0.66,0.5674603174603174,0.5706860706860707,0.5687468290208016,0.6133056133056133,0.7888990875007731
OR51E2,0.66,0.5862470862470862,0.5680147058823529,0.5687468290208016,0.5790441176470589,0.7606798281001127
P2RY2---Cluster2,0.72,0.4,0.43902439024390244,0.4186046511627907,0.47967479674796754,0.8608715069040447
P4HA2---Cluster1,0.48,0.4724025974025974,0.4724025974025974,0.4724025974025974,0.45454545454545453,0.5426564249666421
PABPC5,0.6,0.5900735294117647,0.5795454545454546,0.5755517826825127,0.6461038961038961,0.5630482659498233
PAM,0.8,0.6704545454545454,0.6125,0.6279761904761905,0.655,0.8921581587209186
PARVA,0.48,0.4830917874396135,0.4830917874396135,0.48,0.4943639291465379,0.5025705910126348
PARVG,0.8,0.6222222222222222,0.5745257452574526,0.584717607973422,0.6802168021680217,0.8832224839724123
PCDHB14,0.66,0.6052631578947368,0.5855614973262032,0.587178241864983,0.6078431372549019,0.7307745995514089
PCDHB3,0.6,0.5735294117647058,0.5666666666666667,0.5659722222222222,0.6183333333333333,0.5362137149900122
PCDHB5,0.58,0.47610294117647056,0.46969696969696967,0.467275494672755,0.4289044289044289,0.7431593523499903
PCK2,0.56,0.5333333333333333,0.5287356321839081,0.5225694444444444,0.5402298850574713,0.4683955295389086
PCOLCE,0.82,0.6818181818181819,0.6300813008130082,0.6470588235294118,0.6558265582655827,0.8688590112048753
PDCD1LG2,0.78,0.5380434782608696,0.518970189701897,0.5137046861184792,0.5447154471544715,0.8539975312593256
PDE6B---Cluster1,0.66,0.489159891598916,0.49122807017543857,0.4876431585292345,0.5570175438596492,0.8058027725925077
PDE7B---Cluster2,0.58,0.6103565365025467,0.6083333333333334,0.5798319327731092,0.7466666666666666,0.6800010880931934
PDLIM3---Cluster1,0.54,0.4159891598915989,0.4461805555555556,0.4165398274987316,0.4913194444444445,0.36226230693621997
PDLIM4---Cluster1,0.58,0.5017361111111112,0.5023310023310024,0.4900437105390967,0.5664335664335665,0.8475986631903072
PDLIM7---Cluster1,0.5,0.4834558823529412,0.4855072463768116,0.47456914670029426,0.42995169082125606,0.4633386013500722
PEPD,0.52,0.512987012987013,0.512987012987013,0.512987012987013,0.538961038961039,0.5202292710192583
PFKFB4---Cluster1,0.48,0.3551587301587301,0.3551587301587301,0.3551587301587301,0.35119047619047616,0.22363133128645943
PHKA2---Cluster2,0.66,0.5631229235880398,0.5349264705882353,0.5200451722190853,0.5863970588235294,0.763110738503469
PHLDA2---Cluster4,0.44,0.44605475040257647,0.44499178981937604,0.4391025641025641,0.49589490968801314,0.6086835631847601
PHTF1---Cluster1,0.76,0.6952380952380952,0.7130977130977132,0.7023809523809524,0.7193347193347194,0.8873247938318227
PHYH,0.56,0.5432937181663837,0.541871921182266,0.5416666666666666,0.5747126436781609,0.6945227480548578
PI3,0.74,0.6246612466124661,0.6008771929824561,0.6081977094635322,0.618421052631579,0.8461010963783083
PICK1,0.82,0.6333333333333333,0.5892857142857143,0.6021220159151194,0.6875,0.8956565514335877
PIK3CD,0.78,0.5654761904761905,0.5730897009966778,0.5686274509803921,0.5847176079734219,0.8838811462210326
PIK3CG,0.56,0.45436507936507936,0.45436507936507936,0.45436507936507936,0.5277777777777778,0.7893741036559506
PIP4K2C---Cluster1,0.8,0.6630434782608696,0.575,0.584717607973422,0.575,0.846149559832621
PLA2G5---Cluster2,0.78,0.6666666666666667,0.6305361305361306,0.6426250812215725,0.6643356643356643,0.8287830510305344
PLAC8,0.72,0.6000000000000001,0.587719298245614,0.592074592074592,0.5482456140350878,0.7918373664673489
PLAT---Cluster1,0.7,0.6966911764705883,0.6756978653530378,0.6782496782496783,0.665024630541872,0.7035412242604175
PLAUR,0.56,0.5331069609507639,0.5331069609507639,0.5331069609507639,0.5687606112054329,0.7044306165503647
PLCB2---Cluster1,0.58,0.55,0.553475935828877,0.5495495495495495,0.5989304812834224,0.7586757503633088
PLEKHF2---Cluster1,0.66,0.6428571428571428,0.625,0.6263736263736264,0.535,0.5300386261877005
PLOD2,0.66,0.6176470588235294,0.6140819964349375,0.6155585707824514,0.6292335115864527,0.5036197172382841
PLSCR4,0.62,0.6120543293718166,0.6071428571428572,0.6072757337742869,0.5925324675324676,0.6168346035986979
PLXDC1---Cluster1,0.72,0.553030303030303,0.5307017543859649,0.5257452574525745,0.5679824561403509,0.8219927627827996
PLXNB1---Cluster1,0.58,0.3970189701897019,0.4246031746031746,0.40711462450592883,0.5257936507936508,0.29817472400512035
PMP22---Cluster1,0.58,0.6002331002331003,0.5689102564102564,0.5384615384615385,0.7019230769230769,0.75586754773781
PNPLA4,0.74,0.6680216802168022,0.623015873015873,0.6329757199322417,0.6527777777777778,0.8248682518614925
POLE4,0.5,0.4756944444444444,0.4770114942528736,0.47456914670029426,0.5599343185550083,0.6967827100040028
POLR1D,0.64,0.5081585081585082,0.5072765072765073,0.506578947368421,0.5883575883575883,0.3753251639628919
POU4F1---Cluster1,0.5,0.5152801358234296,0.5146103896103896,0.4981934965877158,0.577922077922078,0.6139524441158198
PPIA,0.72,0.625,0.5654761904761905,0.5625,0.6507936507936508,0.8221093993333417
PPIL5---Cluster2,0.64,0.5407925407925408,0.5333333333333333,0.5322245322245323,0.5714285714285714,0.7308845987594063
PRKCDBP---Cluster1,0.68,0.45535714285714285,0.46249999999999997,0.4579945799457994,0.47000000000000003,0.8302950330193186
PSMA7---Cluster1,0.64,0.5081585081585082,0.5072765072765073,0.506578947368421,0.47609147609147606,0.7277196266578871
PSMB10---Cluster1,0.66,0.525,0.5207900207900208,0.5200451722190852,0.47193347193347196,0.7606302777522831
PSMB2---Cluster1,0.52,0.42619542619542616,0.4367201426024956,0.4285714285714286,0.4028520499108734,0.6360796452936031
PTGFRN,0.48,0.43566176470588236,0.44166666666666665,0.4357638888888889,0.4933333333333333,0.5783635700086881
PTP4A3,0.68,0.4583333333333333,0.4758771929824562,0.4579945799457995,0.4824561403508772,0.7870978141628899
PTPN14---Cluster1,0.78,0.632890365448505,0.6,0.6102055279943303,0.49250000000000005,0.7800804292636851
PTPN18---Cluster2,0.86,0.8484848484848485,0.7144522144522144,0.7519489723600283,0.7319347319347319,0.9052759972113089
PTPN9,0.74,0.5643939393939393,0.5396270396270396,0.5393338058114813,0.668997668997669,0.8839231772679257
PTRF,0.7,0.6002710027100271,0.5734126984126984,0.5765104460756635,0.5575396825396826,0.7042011708176132
PTTG1---Cluster1,0.6,0.48484848484848486,0.4930555555555556,0.45175438596491224,0.5746527777777777,0.39128204167576597
RAB27A---Cluster1,0.62,0.5279720279720279,0.5220588235294117,0.5180111618467782,0.5735294117647058,0.7272108984877227
RAB38,0.6,0.537280701754386,0.5295138888888888,0.5238095238095238,0.5590277777777778,0.7014424033100368
RAB3D---Cluster1,0.68,0.5990675990675991,0.580952380952381,0.5841995841995842,0.7142857142857143,0.8648152434453175
RAB42,0.72,0.553030303030303,0.5307017543859649,0.5257452574525745,0.4671052631578947,0.7390130942836798
RAC2,0.72,0.47840531561461797,0.48238482384823844,0.47916666666666663,0.5338753387533876,0.8427253619657122
RARG---Cluster1,0.62,0.6499999999999999,0.5966183574879227,0.5703301673450927,0.6908212560386474,0.6706552066049576
RARRES1---Cluster1,0.68,0.5565476190476191,0.5376984126984127,0.5337995337995338,0.6349206349206349,0.7924105559863096
RARRES3,0.84,0.7588652482269503,0.5989159891598916,0.6212121212121212,0.5962059620596206,0.813851581811791
RASSF1---Cluster3,0.6,0.48026315789473684,0.48214285714285715,0.4802494802494803,0.4722222222222222,0.7271572563446603
RBMS1---Cluster2,0.62,0.46476964769647694,0.4742063492063492,0.463579898362507,0.4365079365079365,0.2569823401480592
RCAN2,0.66,0.525,0.5207900207900208,0.5200451722190852,0.5343035343035343,0.7570691174064967
RCN3---Cluster2,0.64,0.5753968253968254,0.5698529411764706,0.5714285714285714,0.5091911764705882,0.6758039444362942
RELN,0.7,0.6523809523809524,0.6470588235294117,0.6493688639551193,0.6341911764705882,0.5118870410109384
RFESD,0.7,0.4945652173913043,0.497920997920998,0.4684620836286321,0.6133056133056134,0.8181886902888176
RGS16---Cluster1,0.7,0.6871657754010696,0.675,0.6782496782496783,0.7266666666666667,0.8017542095022061
RHOQ---Cluster1,0.78,0.6666666666666667,0.6305361305361306,0.6426250812215725,0.6596736596736597,0.8607828096968502
RIN1---Cluster1,0.86,0.8484848484848485,0.7144522144522144,0.7519489723600283,0.7412587412587412,0.9041045976803532
RLBP1,0.66,0.525,0.5207900207900208,0.5200451722190852,0.5904365904365905,0.8163320348654632
RNASE1---Cluster1,0.64,0.55,0.5367647058823529,0.5322245322245323,0.6268382352941176,0.7841899521478967
RNASE4---Cluster1,0.7,0.6436314363143631,0.5974264705882353,0.6,0.5919117647058824,0.73822470904591
RNF149---Cluster1,0.66,0.44345238095238093,0.4557109557109557,0.44769330734243007,0.5827505827505828,0.3408523948319133
ROD1---Cluster1,0.6,0.44988344988344986,0.4553014553014553,0.45175438596491235,0.5135135135135135,0.32820038902541127
RRAD---Cluster1,0.72,0.6375,0.6091269841269842,0.6162280701754386,0.6349206349206349,0.8254418971134184
RRAS---Cluster2,0.62,0.5551470588235294,0.5571428571428572,0.5558672276764843,0.6095238095238096,0.36758619695330796
S100A11,0.68,0.574750830564784,0.5428571428571428,0.5337995337995338,0.5676190476190477,0.4075904267495892
S100A16---Cluster1,0.64,0.6559714795008913,0.64,0.6305418719211822,0.6991999999999999,0.7347698348753492
S100A2,0.64,0.5704099821746881,0.5821205821205822,0.5714285714285715,0.683991683991684,0.8415848824561085
S100A8,0.56,0.5275735294117647,0.5249999999999999,0.5225694444444444,0.6216666666666667,0.7129400235325287
SAA1,0.54,0.5583333333333333,0.5574712643678161,0.5398159263705482,0.5500821018062398,0.6508081559233735
SAA2,0.48,0.4860426929392447,0.48631239935587756,0.47916666666666663,0.5314009661835748,0.6038989558523618
SCG5,0.56,0.5347222222222222,0.5333333333333333,0.533106960950764,0.5383333333333333,0.6905935828381556
SELENBP1,0.78,0.6958041958041958,0.6842105263157895,0.68944099378882,0.7412280701754386,0.9087991243338385
SEPT9---Cluster1,0.6,0.5844155844155844,0.5902777777777778,0.5833333333333333,0.6423611111111112,0.7891202823484982
SERPINA1,0.72,0.6573426573426573,0.6285714285714286,0.6361746361746361,0.7371428571428571,0.8680309461681186
SERPINA3,0.6,0.6456876456876457,0.6,0.5659722222222222,0.6848000000000001,0.6400242753500175
SERPINB1---Cluster1,0.7,0.46969696969696967,0.4813519813519814,0.4684620836286322,0.6293706293706294,0.8371411241813572
SFRP1---Cluster3,0.62,0.6133004926108374,0.612012987012987,0.6124031007751938,0.6737012987012988,0.5607159692974596
SFRP2---Cluster2,0.54,0.5169779286926994,0.5166666666666666,0.5166036149642708,0.6283333333333333,0.6003515784322238
SFRP4---Cluster2,0.78,0.6521739130434783,0.5652680652680653,0.5686274509803921,0.655011655011655,0.8220195718580116
SH2D4A,0.8,0.711111111111111,0.6107226107226107,0.6279761904761905,0.7086247086247086,0.8670893511965345
SH3BGRL3---Cluster1,0.46,0.4545454545454546,0.45491143317230276,0.45454545454545453,0.48148148148148145,0.5973142006023342
SH3TC2---Cluster2,0.72,0.5691056910569106,0.5594405594405594,0.5625,0.5967365967365967,0.8383974614637002
SHOX2---Cluster1,0.8,0.7083333333333333,0.7625,0.7258771929824561,0.7575,0.8882724109929432
SIGLEC7---Cluster1,0.58,0.5800000000000001,0.5833333333333333,0.5757575757575757,0.6266666666666666,0.7394724724765399
SIRPG,0.46,0.45833333333333337,0.4581320450885668,0.45804897631473307,0.5346215780998389,0.5748359830102863
SIRT2---Cluster3,0.48,0.4206773618538324,0.4206773618538324,0.4206773618538324,0.36541889483065954,0.6101108640673963
SKAP2---Cluster1,0.52,0.5314091680814941,0.5297906602254429,0.5169082125603864,0.5942028985507246,0.6384701199937381
SLAMF1---Cluster1,0.72,0.5691056910569106,0.5594405594405594,0.5625,0.710955710955711,0.8777670151657576
SLAMF7---Cluster1,0.62,0.5882352941176471,0.5814940577249575,0.5824175824175825,0.5602716468590832,0.4640237869075473
SLAMF8---Cluster1,0.64,0.49169435215946844,0.4952380952380952,0.4755244755244755,0.700952380952381,0.8796574485114788
SLC10A4---Cluster1,0.6,0.5632183908045977,0.58004158004158,0.5543672014260249,0.5987525987525987,0.8242183572267725
SLC11A1---Cluster1,0.72,0.5691056910569106,0.5594405594405594,0.5625,0.62004662004662,0.8452821947799523
SLC12A7---Cluster1,0.84,0.7651515151515151,0.675,0.7023809523809523,0.625,0.8417202045046026
SLC16A14,0.62,0.5279720279720279,0.5220588235294117,0.5180111618467782,0.43933823529411764,0.3615871254759905
SLC16A3---Cluster1,0.8,0.7291666666666667,0.668859649122807,0.6875,0.8026315789473684,0.938483907568
SLC22A5,0.8,0.8,0.6403326403326404,0.6612466124661247,0.6715176715176715,0.8512405667154712
SLC25A13---Cluster1,0.66,0.44696969696969696,0.4708939708939709,0.4476933073424302,0.6091476091476091,0.33179492920872233
SLC25A20,0.66,0.5482456140350878,0.5457380457380457,0.5466666666666667,0.5467775467775468,0.7759394685247062
SLC25A43,0.68,0.5899122807017544,0.5813492063492064,0.5841995841995842,0.6388888888888888,0.8004805997342569
SLC29A1,0.72,0.5625,0.5625,0.5625,0.5925,0.8759437348799566
SLC2A10,0.8,0.6704545454545454,0.6125,0.6279761904761905,0.7050000000000001,0.9007132478766334
SLC37A4---Cluster2,0.62,0.6382113821138211,0.5827922077922079,0.5558672276764843,0.5211038961038961,0.5233626013336867
SLC44A3---Cluster1,0.7,0.5863787375415282,0.5515873015873015,0.5479204339963832,0.6468253968253969,0.7929125849657448
SLC47A2,0.68,0.6071428571428572,0.5661764705882353,0.5614035087719298,0.6194852941176471,0.767620764019441
SLFN11,0.68,0.4579945799457995,0.4579945799457995,0.4579945799457994,0.4471544715447155,0.8120306177531655
SLITRK4---Cluster1,0.8,0.6279761904761905,0.6279761904761905,0.6279761904761905,0.6517857142857142,0.9128051901702681
SLPI---Cluster1,0.74,0.6428571428571428,0.5997920997920998,0.6081977094635322,0.681912681912682,0.8457853436756035
SMO---Cluster1,0.8,0.7424242424242424,0.6403508771929824,0.6612466124661247,0.6622807017543859,0.83561154280657
SMPD3---Cluster3,0.54,0.5089126559714795,0.5083333333333333,0.5066495066495066,0.5449999999999999,0.40885030410384576
SNRPB---Cluster2,0.58,0.5023310023310024,0.5017361111111112,0.4900437105390967,0.5381944444444445,0.439767339706152
SOCS2---Cluster4,0.6,0.58004158004158,0.5632183908045977,0.5543672014260249,0.44006568144499175,0.43563997294179413
SOCS3---Cluster1,0.66,0.6329365079365079,0.6137521222410866,0.6155585707824514,0.5704584040747028,0.5470912903289984
SOX10---Cluster1,0.44,0.4045138888888889,0.4083333333333333,0.40577249575551777,0.44,0.6176845703993882
SP100---Cluster1,0.68,0.6000000000000001,0.6091476091476091,0.6031746031746031,0.681912681912682,0.8755843964894554
SP110,0.58,0.483739837398374,0.4895833333333333,0.4672754946727549,0.39409722222222227,0.3215099145925102
SP140---Cluster2,0.72,0.6000000000000001,0.587719298245614,0.592074592074592,0.5614035087719298,0.7986408116369701
SP8---Cluster1,0.52,0.4367201426024956,0.42619542619542616,0.4285714285714286,0.49688149688149685,0.7657867664559319
SPAG4,0.6,0.5735294117647058,0.5666666666666667,0.5659722222222222,0.6883333333333332,0.7556513849006492
SPATA6,0.64,0.6215277777777778,0.6166666666666667,0.6179966044142614,0.69,0.7696832302626921
SPI1---Cluster1,0.66,0.6543513957307061,0.6525974025974026,0.653202774377805,0.698051948051948,0.7365440334304513
SPOCD1---Cluster2,0.64,0.5350877192982456,0.5317460317460317,0.5322245322245321,0.5297619047619048,0.7740321793258917
SPRY1---Cluster1,0.62,0.6125,0.5738916256157636,0.5558672276764843,0.5862068965517242,0.6769702351571294
SRGN---Cluster1,0.72,0.6247086247086246,0.6112266112266113,0.6162280701754386,0.7234927234927235,0.8746390773327417
SRPX2---Cluster1,0.56,0.5576923076923077,0.5584415584415584,0.5571658615136876,0.5974025974025974,0.5352343285027537
ST3GAL4---Cluster1,0.76,0.6212624584717608,0.5850815850815851,0.5934959349593496,0.6153846153846153,0.8284004908915868
STAP2,0.72,0.592074592074592,0.592074592074592,0.592074592074592,0.6853146853146853,0.894256589257536
STK3---Cluster1,0.58,0.5285714285714286,0.5260416666666666,0.525101763907734,0.53125,0.6993697346189576
STK32B---Cluster1,0.68,0.38636363636363635,0.425,0.40476190476190477,0.4475,0.18644434695094847
STX1B---Cluster2,0.68,0.6190476190476191,0.6190476190476191,0.6190476190476191,0.659047619047619,0.47843606210613887
STX3---Cluster2,0.56,0.5198412698412699,0.5166666666666666,0.5098039215686274,0.6566666666666666,0.7899501230527479
SYDE1---Cluster1,0.72,0.625,0.5654761904761905,0.5625,0.623015873015873,0.7742619306403357
TBC1D1---Cluster1,0.54,0.5093240093240093,0.5064935064935064,0.4798733604703753,0.4220779220779221,0.43112791609671614
TC2N---Cluster2,0.54,0.4797794117647059,0.48039215686274506,0.47987336047037543,0.36898395721925137,0.5782201831264976
TFCP2L1,0.58,0.5476190476190477,0.5262725779967159,0.4900437105390967,0.6600985221674877,0.5826087879823005
TGFB2---Cluster1,0.8,0.6222222222222222,0.5745257452574526,0.584717607973422,0.6124661246612466,0.8506410894777425
TGFBI---Cluster1,0.7,0.3804347826086957,0.44871794871794873,0.4117647058823529,0.43822843822843827,0.7838438252219906
THEM4---Cluster1,0.58,0.5381944444444444,0.5392156862745098,0.5384615384615384,0.623885918003565,0.4920886308399419
TIPIN,0.74,0.6048951048951049,0.6125,0.6081977094635322,0.64,0.865456464882887
TM4SF1,0.66,0.6646859083191851,0.655448717948718,0.6532027743778049,0.7211538461538463,0.6934392356830066
TMCO4,0.68,0.6323529411764706,0.6323529411764706,0.6323529411764706,0.7113970588235294,0.8263740485038188
TMCO6---Cluster1,0.68,0.5343035343035343,0.5447154471544715,0.5337995337995338,0.5338753387533876,0.21707150873817543
TMED5---Cluster2,0.62,0.5451388888888888,0.5606060606060606,0.5386109762020399,0.5967365967365967,0.32625215857413997
TMEM106A,0.82,0.7159468438538206,0.6625000000000001,0.6810772501771793,0.69,0.8869173971207079
TMEM132D,0.54,0.5,0.5,0.4945054945054945,0.5366666666666666,0.615153492979736
TMEM158,0.8,0.8,0.6403326403326404,0.6612466124661247,0.6923076923076923,0.8319174957271693
TMEM159,0.66,0.5674603174603174,0.5706860706860707,0.5687468290208016,0.5758835758835759,0.7775468831983179
TMEM168---Cluster1,0.76,0.6177156177156178,0.6368563685636857,0.625,0.6775067750677506,0.2947140578719526
TMEM177---Cluster2,0.56,0.3916083916083916,0.40332640332640335,0.3969298245614035,0.3534303534303534,0.222162205055236
TMEM51---Cluster1,0.74,0.5643939393939393,0.5396270396270396,0.5393338058114813,0.4965034965034965,0.796296445095272
TMEM71,0.6,0.592948717948718,0.6066176470588236,0.5833333333333334,0.7113970588235294,0.8570308088048493
TMSL3,0.8,0.5815602836879432,0.5311653116531165,0.5265151515151515,0.6476964769647697,0.902845939179144
TNFRSF10B---Cluster2,0.66,0.6609195402298851,0.657051282051282,0.6565656565656566,0.766025641025641,0.7502197227534794
TOM1L1---Cluster1,0.74,0.6096345514950166,0.5723684210526316,0.5776478232618583,0.6491228070175439,0.8113789036785044
TPBG,0.6,0.4125,0.42324561403508776,0.4172494172494173,0.3969298245614036,0.7210005662733999
TPM4---Cluster2,0.56,0.5229202037351443,0.5240641711229946,0.5225694444444444,0.588235294117647,0.7833760768685336
TRAF5,0.5,0.4983974358974359,0.49838969404186795,0.4981934965877157,0.46537842190016104,0.5054028150038883
TREM1,0.56,0.5331069609507639,0.5331069609507639,0.5331069609507639,0.6213921901528013,0.7459853698753043
TREM2---Cluster1,0.72,0.6000000000000001,0.587719298245614,0.592074592074592,0.6907894736842105,0.8834149208479357
TREML2,0.78,0.6521739130434783,0.5652680652680653,0.5686274509803921,0.6853146853146853,0.8963382134019442
TRIM14,0.56,0.5331069609507639,0.5331069609507639,0.5331069609507639,0.5432937181663837,0.41712139376495283
TRIM36---Cluster1,0.46,0.45833333333333337,0.4581320450885668,0.45804897631473307,0.5040257648953301,0.5358875383144444
TRIM38,0.64,0.6070686070686071,0.5874363327674024,0.5863970588235294,0.66553480475382,0.7899201388351215
TRIM59---Cluster1,0.72,0.481060606060606,0.4875,0.4791666666666667,0.5325,0.8270970364832855
TRIP4---Cluster1,0.64,0.5821205821205822,0.5704099821746881,0.5714285714285715,0.64349376114082,0.7868635682369913
TSPAN4---Cluster1,0.52,0.52,0.5205254515599343,0.5169082125603865,0.47783251231527096,0.6055222033443417
TUFT1,0.48,0.45840407470288624,0.45977011494252873,0.45833333333333326,0.48440065681445,0.5890240620751347
UCP2,0.68,0.5343035343035343,0.5447154471544715,0.5337995337995338,0.5934959349593496,0.8883139383782895
UPP1---Cluster1,0.78,0.6590909090909092,0.5979020979020979,0.6102055279943304,0.62004662004662,0.8220000861234489
USP4---Cluster1,0.54,0.44285714285714284,0.44047619047619047,0.44147644487615345,0.5158730158730159,0.7667185757734982
VIM,0.74,0.5643939393939393,0.5396270396270396,0.5393338058114813,0.7319347319347319,0.438393369915109
VNN1---Cluster1,0.76,0.5271739130434783,0.5125000000000001,0.5016611295681063,0.6275,0.887099784717944
WBSCR17,0.66,0.6827242524916943,0.5916666666666667,0.5687468290208016,0.6583333333333333,0.5864127884031582
WDR76,0.68,0.45535714285714285,0.46249999999999997,0.4579945799457994,0.4575,0.2927949369370742
WEE1,0.52,0.48863636363636365,0.48464912280701755,0.4652406417112299,0.6140350877192983,0.8613030592274589
WFIKKN2---Cluster1,0.8,0.725,0.6973684210526316,0.7086247086247086,0.6381578947368421,0.8208375468425074
XAF1,0.74,0.5922619047619048,0.5722610722610723,0.5776478232618584,0.5757575757575758,0.797292810048167
YAP1---Cluster1,0.76,0.5602836879432624,0.5198135198135198,0.5016611295681063,0.6806526806526807,0.33870770062993877
YIF1B---Cluster2,0.44,0.4252873563218391,0.4252873563218391,0.4252873563218391,0.43185550082101803,0.3814884122336399
ZAK---Cluster1,0.76,0.6477272727272727,0.5855263157894737,0.5934959349593496,0.712719298245614,0.8850917782147733
ZC3HAV1L---Cluster2,0.74,0.6864035087719298,0.6619047619047619,0.6702181633688484,0.6780952380952381,0.8439898365401328
ZDHHC12---Cluster1,0.84,0.7333333333333334,0.6422764227642276,0.6677740863787375,0.8401084010840107,0.9596325578601098
ZIC1---Cluster1,0.52,0.5192307692307692,0.5192307692307692,0.5192307692307692,0.5608974358974359,0.547141696831019
ZIC3,0.58,0.5696095076400679,0.5665584415584416,0.565936337329475,0.5568181818181819,0.6204683083609955
ZSCAN12---Cluster1,0.58,0.5285714285714286,0.5260416666666666,0.525101763907734,0.5763888888888888,0.687262072656921
