,accuracy,precision,recall,f1score,AUC,AP
ABCA6,0.5,0.5074211502782932,0.507177033492823,0.49813404985818777,0.5711722488038277,0.562970558213526
ABCC2---Cluster1,0.7317073170731707,0.6727272727272727,0.6637931034482758,0.6676492262343404,0.7176724137931034,0.5257037015774645
ACAP1,0.5,0.4742063492063492,0.4762917933130699,0.4716328775734716,0.5477203647416413,0.673229057591037
ACOT2,0.5853658536585366,0.4748563218390805,0.4717741935483871,0.47196969696969704,0.5258064516129033,0.26525315288130435
ACP5---Cluster1,0.6341463414634146,0.5335298452468681,0.5355191256830601,0.5340909090909092,0.6807181889149102,0.4076761434216788
ACSS1,0.6097560975609756,0.548941798941799,0.55316091954023,0.5494505494505495,0.5610632183908046,0.3648650396584525
ADCY5---Cluster1,0.7073170731707317,0.5522138680033417,0.5621890547263682,0.5547511312217194,0.6069651741293532,0.3689665181429045
AJAP1---Cluster1,0.5975609756097561,0.5698717948717948,0.568943706514864,0.5693140219640299,0.5673624288425048,0.4276936781034364
AKD1---Cluster1,0.5365853658536586,0.535625,0.5339285714285714,0.5295893719806763,0.5416666666666666,0.6194812349807317
AKR7L---Cluster1,0.573170731707317,0.5153846153846153,0.5176860722181282,0.5121536630970593,0.44804716285924834,0.720005530562885
ALDOC---Cluster1,0.6097560975609756,0.4704861111111111,0.47424242424242424,0.47096774193548385,0.4393939393939394,0.25297191129703633
ALOX5AP,0.6585365853658537,0.5416666666666666,0.5363636363636364,0.5370967741935484,0.5378787878787878,0.7784260062528507
AMBP---Cluster1,0.5853658536585366,0.5903225806451613,0.5669856459330144,0.5465191932335719,0.5941985645933014,0.554984510250348
ANAPC13---Cluster1,0.6463414634146342,0.5120967741935484,0.512531328320802,0.5122051282051282,0.4895572263993317,0.23660179436314388
ANGPTL1,0.6585365853658537,0.63,0.6375661375661376,0.632051282051282,0.6309523809523809,0.7757420432747877
AOAH,0.6097560975609756,0.4505208333333333,0.45403225806451614,0.45196324143692557,0.4346774193548387,0.7300991309552851
APOBEC3C,0.5853658536585366,0.5831339712918661,0.5831339712918661,0.5831339712918661,0.6327751196172249,0.5576200260744616
APOH---Cluster1,0.5609756097560976,0.533704390847248,0.5354586857514638,0.5332068311195446,0.46258945998698764,0.6388921845711759
AQP1---Cluster1,0.7926829268292683,0.7291666666666667,0.6889149102263856,0.7033411364120026,0.711943793911007,0.513233344777452
ATRNL1---Cluster2,0.5609756097560976,0.5547619047619048,0.5741935483870968,0.5269230769230768,0.4290322580645161,0.22592944892499575
B3GNT3---Cluster1,0.6829268292682927,0.653220559531555,0.653220559531555,0.653220559531555,0.683148991541965,0.5226463471955861
B3GNT8,0.5121951219512195,0.4487840825350037,0.4560404807084124,0.44781144781144777,0.4490828589500316,0.343262678390387
BATF---Cluster1,0.6585365853658537,0.6057692307692308,0.6057692307692308,0.6057692307692308,0.6133241758241759,0.7888239756128204
BDKRB2---Cluster2,0.6585365853658537,0.5687830687830688,0.5984848484848485,0.5651515151515152,0.6524621212121212,0.2731454362516384
BMP4---Cluster2,0.6097560975609756,0.5915915915915916,0.6070175438596491,0.5850727387729285,0.3894736842105263,0.25510011280361516
BST2---Cluster2,0.573170731707317,0.5587507730364873,0.5582107843137255,0.5583935990152331,0.5726102941176471,0.6817104517602969
C10orf81,0.6951219512195121,0.6050347222222222,0.5891672807663965,0.5934959349593496,0.630066322770818,0.4604706011388161
C10orf99,0.4878048780487805,0.424202992843201,0.4182456140350877,0.4202020202020202,0.5978947368421051,0.7752759635817301
C14orf132---Cluster1,0.5853658536585366,0.566966966966967,0.5782456140350878,0.5591397849462365,0.5992982456140351,0.41375992875971346
C16orf54---Cluster1,0.6829268292682927,0.6106060606060606,0.6048850574712644,0.6072218128224024,0.5876436781609196,0.7411828590189127
C17orf57---Cluster1,0.6463414634146342,0.5790229885057472,0.5771929824561404,0.5779946761313222,0.5494736842105263,0.7374823392394816
C17orf62---Cluster2,0.6097560975609756,0.6112637362637363,0.59688995215311,0.5900000000000001,0.5819377990430622,0.6032658191227585
C1QL1---Cluster2,0.5,0.505625,0.5053667262969589,0.4963295880149813,0.5140131186642815,0.5916026194347572
C1S---Cluster2,0.6341463414634146,0.5459770114942528,0.5484848484848485,0.5467943994104643,0.5454545454545455,0.775179618506327
C2---Cluster1,0.5487804878048781,0.5384384384384384,0.54,0.5371472158657513,0.448125,0.6023321822783664
C22orf45---Cluster1,0.8292682926829268,0.7518939393939394,0.7309027777777778,0.7402714932126697,0.3055555555555556,0.20404950345793116
C2orf18---Cluster2,0.5853658536585366,0.5132275132275133,0.5151515151515151,0.5108771929824562,0.5356060606060606,0.7790549038409378
C3---Cluster1,0.6341463414634146,0.6339285714285714,0.6339285714285714,0.6339285714285714,0.2702380952380952,0.38501339861563477
C4orf6,0.47560975609756095,0.4384920634920635,0.4424860853432282,0.4388031195288875,0.4774273345701917,0.3730380466826866
C6orf150---Cluster1,0.5487804878048781,0.5173076923076922,0.5170777988614801,0.517109660989973,0.4642631246046806,0.35277876440132744
C9orf167---Cluster1,0.6707317073170732,0.5113636363636364,0.5100250626566416,0.5096345514950166,0.5020885547201337,0.2390342573463823
CALML4,0.5609756097560976,0.5587358378056052,0.5591591591591591,0.5586124401913874,0.551951951951952,0.5380103708410892
CAPN12---Cluster2,0.524390243902439,0.48060344827586204,0.48330241187384043,0.4756517461878996,0.42115027829313545,0.38090104088550264
CAPN6,0.573170731707317,0.5294871794871795,0.530976430976431,0.529431054271192,0.4626262626262626,0.38854540555951633
CARD14,0.6341463414634146,0.6332737030411449,0.6332737030411449,0.6332737030411449,0.716159809183065,0.7310008195181277
CASP8---Cluster2,0.573170731707317,0.5487500000000001,0.5493358633776091,0.5489548954895489,0.5173940543959519,0.6491491725261981
CCDC109B---Cluster1,0.5975609756097561,0.4834770114942529,0.4807852965747702,0.4799154334038055,0.6173767752715121,0.28796099398757563
CCDC135,0.6951219512195121,0.47619047619047616,0.4819004524886878,0.47637292464878667,0.5013574660633484,0.8236605318920558
CCDC8---Cluster1,0.5609756097560976,0.40827478532396566,0.4018379281537176,0.40483870967741936,0.6499582289055974,0.8655558110261727
CCDC8---Cluster2,0.5975609756097561,0.59125,0.5876876876876878,0.5871853546910756,0.6372372372372372,0.6959391368928189
CCL15,0.6463414634146342,0.6014964216005205,0.6071428571428572,0.6033361134278566,0.6517857142857143,0.49250715519567045
CCL20---Cluster2,0.6951219512195121,0.6012931034482758,0.6177944862155388,0.6059965404574285,0.4269005847953216,0.7401959027576959
CCR1,0.524390243902439,0.525,0.5250447227191413,0.5243195002231147,0.5754323196183662,0.6004353003052785
CCR7,0.4146341463414634,0.41130952380952385,0.4044871794871795,0.40182370820668695,0.366025641025641,0.30514127830636006
CCR8,0.6585365853658537,0.5370967741935484,0.5370967741935484,0.5370967741935484,0.5153225806451613,0.7352966972069965
CD2,0.5365853658536586,0.5394736842105263,0.5394736842105263,0.5365853658536586,0.5903110047846891,0.6075325870187727
CD27,0.5975609756097561,0.5628205128205128,0.5637605725439168,0.5631961259079903,0.5562784645413142,0.6839756006905804
CD3D---Cluster1,0.5975609756097561,0.5533333333333333,0.5487179487179487,0.5486238532110091,0.5314102564102564,0.649328308226436
CD3G---Cluster2,0.6097560975609756,0.5438596491228069,0.5341574495770982,0.528735632183908,0.5836044242029929,0.7251539330709196
CD40,0.6829268292682927,0.4994425863991081,0.49958228905597324,0.49526515151515155,0.5154553049289892,0.247711632491041
CD6---Cluster1,0.6463414634146342,0.586048454469507,0.5681216931216931,0.5675577377705037,0.5178571428571428,0.6367053254832586
CD96---Cluster1,0.6707317073170732,0.5962643678160919,0.5987472365512159,0.5973813420621932,0.5821665438467207,0.7455994685108489
CDC42BPA,0.524390243902439,0.49746995572422514,0.4975,0.4974068835454974,0.5496875,0.46375497980003155
CDH17---Cluster1,0.6097560975609756,0.5048387096774194,0.5043103448275862,0.5030303030303029,0.5711206896551725,0.7644466759790266
CDSN,0.573170731707317,0.5735645933014355,0.5731707317073171,0.5725986597170514,0.6145151695419394,0.6596171754632397
CEBPE---Cluster2,0.6585365853658537,0.6265452179570592,0.6265452179570592,0.6265452179570592,0.6759921925829538,0.7819012984626003
CENPBD1,0.5853658536585366,0.5514705882352942,0.5603448275862069,0.5465191932335719,0.5380747126436782,0.3531259157952623
CES3---Cluster1,0.5975609756097561,0.4815770081061164,0.4798387096774194,0.4799154334038055,0.39193548387096777,0.6881725955114991
CHAF1B,0.5121951219512195,0.5549999999999999,0.5604395604395604,0.5095693779904306,0.37637362637362637,0.28131010877343804
CHST3---Cluster1,0.573170731707317,0.503968253968254,0.5044215180545321,0.501995488460871,0.5350036845983788,0.7669800720409019
CHST4---Cluster1,0.5487804878048781,0.54,0.5384384384384384,0.5371472158657513,0.5867867867867868,0.6134432425730119
CIB2,0.5975609756097561,0.49677419354838714,0.49719298245614035,0.49467787114845935,0.5010526315789474,0.34830684069643053
CLCN6---Cluster3,0.6707317073170732,0.4876893939393939,0.4882352941176471,0.4878556557945871,0.48687782805429863,0.2175179093632767
CLDN19,0.5487804878048781,0.5231250000000001,0.5234029095509172,0.5231808895175232,0.5553447185325744,0.6550594389692465
CLEC2D---Cluster1,0.573170731707317,0.5726190476190476,0.5727489564698867,0.5725986597170514,0.6308884913536076,0.7211192029126798
CLEC3B---Cluster2,0.5,0.49609629147690304,0.49642857142857144,0.4871090770404272,0.4904761904761905,0.5132418767193478
COX6A2---Cluster1,0.5487804878048781,0.5314009661835749,0.5338321405335068,0.5285159285159285,0.5165907612231619,0.6735659883655327
CPEB4---Cluster1,0.6585365853658537,0.6217741935483871,0.5967948717948718,0.5971929824561404,0.6262820512820513,0.5078103419008183
CRTAM,0.5853658536585366,0.5315934065934066,0.5304232804232805,0.5306397306397307,0.44047619047619047,0.6262593783542254
CTSE,0.5,0.5018237082066869,0.5017857142857143,0.49813404985818777,0.4785714285714286,0.5264056604862761
CTSF,0.5975609756097561,0.5900417412045319,0.5998677248677249,0.5836282505000769,0.6428571428571428,0.5198791345877011
CTSZ---Cluster1,0.4634146341463415,0.47041062801932365,0.47041062801932365,0.4634146341463415,0.5045289855072465,0.6260287236214601
CUBN,0.6219512195121951,0.5839947089947091,0.5826284970722186,0.5832103623544844,0.6597267404033832,0.5258015894911253
CXCL5---Cluster1,0.4878048780487805,0.4498626373626374,0.4552696078431373,0.4480769230769231,0.4240196078431373,0.37557195863210047
CXCL6,0.4634146341463415,0.4430147058823529,0.441875,0.44217687074829937,0.4675,0.3980920302111484
CXCR6,0.7195121951219512,0.6206597222222222,0.6085089773614364,0.6131282051282051,0.6338797814207651,0.8345750334699309
CYP4X1---Cluster1,0.6097560975609756,0.5829787234042554,0.5957894736842105,0.5794871794871794,0.6350877192982457,0.46422915627058103
DAK---Cluster2,0.5853658536585366,0.5475,0.5521978021978022,0.5465191932335719,0.606456043956044,0.8103433718402232
DAND5---Cluster2,0.5487804878048781,0.5400717703349283,0.5423782416192283,0.5371472158657513,0.5939278937381405,0.7573410775175036
DAPP1,0.6219512195121951,0.5484848484848485,0.5545454545454546,0.5488908606921029,0.4666666666666667,0.7433314074058023
DCAF12L1,0.5,0.45114942528735635,0.4579468150896722,0.4487620921462535,0.4341372912801484,0.5903892265193605
DDAH2---Cluster2,0.573170731707317,0.5125661375661376,0.5133333333333333,0.5121536630970593,0.47438596491228074,0.28361465646911777
DDX43,0.524390243902439,0.48947368421052634,0.4908088235294118,0.4837772397094431,0.5471813725490196,0.6388563992226567
DGKA---Cluster1,0.5,0.5029815146094216,0.5030193236714976,0.49932985852568873,0.5431763285024155,0.4509354279746339
DOK2,0.524390243902439,0.5220238095238096,0.5228818800247372,0.5185909980430528,0.557204700061843,0.4271541531750485
DPP4,0.5975609756097561,0.5954545454545455,0.5756756756756757,0.5631961259079903,0.5885885885885885,0.5375036934189882
EFCAB4B,0.4634146341463415,0.46213476446034585,0.46213476446034585,0.46213476446034585,0.47883124627310675,0.5293240111602788
EFEMP1---Cluster1,0.5487804878048781,0.5508373205741627,0.550685748360167,0.5487133720065447,0.5420393559928444,0.6033399606492862
EFS---Cluster1,0.6219512195121951,0.6232142857142857,0.6243243243243244,0.6214445271779598,0.669069069069069,0.7000396520463098
ESPN---Cluster2,0.6585365853658537,0.5032258064516129,0.5037878787878788,0.501736111111111,0.5179924242424243,0.21708556564678777
ESRP1---Cluster1,0.7560975609756098,0.6677814938684503,0.6174863387978142,0.6289592760180995,0.5979703356752537,0.7735487861243968
ETV7---Cluster1,0.5487804878048781,0.5127946127946128,0.5118750000000001,0.5102502017756254,0.48874999999999996,0.4168643181626224
EVL---Cluster1,0.6097560975609756,0.5906593406593407,0.5808823529411764,0.5794871794871795,0.6378676470588235,0.6923454126402819
EXTL2,0.5609756097560976,0.5198717948717949,0.5205026455026455,0.5198438516590762,0.583994708994709,0.7663222759546809
FAM107A,0.6097560975609756,0.6097560975609756,0.6141001855287569,0.606006006006006,0.6549165120593692,0.707742966649184
FAM113B,0.6341463414634146,0.5684210526315789,0.5684210526315789,0.5684210526315789,0.5305263157894736,0.7212566064315336
FANCE---Cluster1,0.5975609756097561,0.5876876876876878,0.59125,0.5871853546910756,0.608125,0.6815316368391209
FASLG,0.6463414634146342,0.5597285067873303,0.5453296703296703,0.542955986930617,0.4697802197802198,0.6613084720943586
FBXO27,0.5975609756097561,0.5714285714285714,0.5643166357452072,0.5631961259079903,0.39208410636982066,0.33854892643800794
FGF11---Cluster1,0.7560975609756098,0.5855203619909503,0.6053511705685619,0.592039800995025,0.568561872909699,0.8495059747780305
FMO2,0.6097560975609756,0.6012500000000001,0.5978260869565217,0.5980392156862745,0.5960144927536232,0.5560649903379326
FSTL1---Cluster1,0.5365853658536586,0.5380952380952381,0.538647342995169,0.5354800238521169,0.5084541062801932,0.6022322979140687
GALNT5---Cluster1,0.573170731707317,0.575,0.5765957446808511,0.5715778474399165,0.5866261398176291,0.5027947353405688
GLIPR1L2---Cluster2,0.5975609756097561,0.3915422885572139,0.4120967741935484,0.4006644518272425,0.6475806451612903,0.39579647453730016
GPR37---Cluster1,0.5365853658536586,0.5207017543859649,0.5177177177177177,0.5072738772928526,0.5435435435435435,0.6104513072773935
GPR39---Cluster1,0.5,0.4831578947368421,0.48564593301435405,0.4716328775734716,0.5544258373205742,0.5180278824500002
GPR55---Cluster2,0.6097560975609756,0.5815768930523029,0.564625850340136,0.5582491582491582,0.6307977736549165,0.7105025153740723
GPR56---Cluster1,0.6707317073170732,0.57183908045977,0.5835421888053467,0.5744762636940227,0.6783625730994152,0.3652634258332974
GPX7---Cluster1,0.5487804878048781,0.46210526315789474,0.46120689655172414,0.4615794143744454,0.42169540229885055,0.25786036698606657
GRAP2,0.47560975609756095,0.47916666666666663,0.47722836694860116,0.4660003028926245,0.47104749512036437,0.6147736978518379
GSG1---Cluster2,0.4878048780487805,0.44807692307692304,0.44807692307692304,0.44807692307692304,0.5615384615384615,0.4532274857092227
GSTP1---Cluster1,0.5,0.5077519379844961,0.5085978835978836,0.49083749810692107,0.5601851851851851,0.3940638340567534
GSTT1,0.7560975609756098,0.6179104477611941,0.607239819004525,0.6117424242424243,0.6199095022624435,0.4275323532028566
GZMK,0.6707317073170732,0.5878787878787879,0.5854826823876198,0.5865546218487395,0.367722918201916,0.6361440015616453
HABP2---Cluster2,0.5365853658536586,0.4546703296703297,0.4525862068965517,0.4533333333333333,0.49353448275862066,0.744877597807525
HDAC11---Cluster2,0.6097560975609756,0.5731945348080676,0.5731945348080676,0.5731945348080676,0.6636304489264802,0.7935778813620942
HIST1H2BJ---Cluster2,0.5487804878048781,0.5544258373205742,0.5553191489361702,0.5481757259865971,0.548936170212766,0.4881393773555244
HIST3H2A---Cluster1,0.524390243902439,0.5162162162162163,0.5165441176470589,0.5156746933212176,0.5110294117647058,0.4755646936628879
HLA-DOB,0.5,0.49821109123434704,0.4982057416267942,0.49813404985818777,0.4611244019138756,0.5071308719275258
HLA-DPB1---Cluster1,0.524390243902439,0.4931972789115646,0.4927248677248677,0.49100748050294446,0.4834656084656085,0.324913775550438
HNF4G,0.5609756097560976,0.5633889919604205,0.5609756097560976,0.5567567567567567,0.5478881618084473,0.558984516972451
HOXA11AS---Cluster2,0.524390243902439,0.5122549019607843,0.5121580547112462,0.5121281464530892,0.46200607902735563,0.529979894596381
HOXA7---Cluster2,0.6219512195121951,0.6192605843768635,0.6207729468599035,0.6191760299625468,0.6358695652173912,0.6516459134377987
HOXA9---Cluster1,0.7073170731707317,0.5889724310776943,0.5889724310776943,0.5889724310776943,0.5154553049289892,0.27570133809911906
HOXB2---Cluster1,0.5975609756097561,0.5522727272727272,0.5436432637571157,0.5400305966343703,0.5667299177735611,0.43438735574788934
HOXB8---Cluster1,0.5609756097560976,0.5568181818181819,0.5573671497584541,0.5567567567567568,0.5452898550724637,0.5177324452177786
HPD---Cluster2,0.5365853658536586,0.4935064935064935,0.49226234340456887,0.48478835978835977,0.4303610906411201,0.24419387674660903
HRASLS,0.5487804878048781,0.46565656565656566,0.46136363636363636,0.4615794143744454,0.4886363636363636,0.28668279875911135
HRASLS2,0.5853658536585366,0.5108771929824562,0.5108771929824562,0.5108771929824562,0.5249122807017544,0.41675905275748826
HSD17B13---Cluster1,0.5487804878048781,0.5249804839968775,0.5193236714975846,0.5025414002295459,0.48309178743961345,0.42197162739710803
HSD17B7P2---Cluster1,0.524390243902439,0.5006038647342995,0.5007017543859649,0.4910074805029444,0.4814035087719299,0.3188558309390179
ICA1---Cluster2,0.5487804878048781,0.49810246679316894,0.4978448275862069,0.4939115929941619,0.5675287356321839,0.45665201021250873
IFI16---Cluster2,0.6341463414634146,0.5764309764309764,0.5796491228070175,0.5776098901098901,0.527017543859649,0.7016096490111938
IFNGR2---Cluster1,0.573170731707317,0.5753676470588236,0.5731707317073171,0.5700374531835205,0.6505056513979773,0.6549414523295092
IL12RB2,0.5609756097560976,0.503030303030303,0.503030303030303,0.503030303030303,0.4962962962962963,0.3556293798693978
IL17RE---Cluster3,0.7560975609756098,0.6390977443609023,0.6506787330316742,0.6440972222222222,0.7520361990950226,0.9165014626044847
IL1R2,0.5365853658536586,0.5297297297297298,0.5300911854103344,0.5295893719806763,0.5890577507598784,0.7113123792382783
IL20RB,0.7073170731707317,0.6435087719298245,0.6507000736919676,0.646551724137931,0.6787030213706706,0.8205526744665057
IL2RA---Cluster1,0.6097560975609756,0.4703425229741019,0.47228727556596406,0.47096774193548385,0.5144418423106948,0.7663159599087996
IRF7---Cluster1,0.5975609756097561,0.4956896551724138,0.4953161592505855,0.4946778711484594,0.4293520686963309,0.7481570029912316
ISYNA1---Cluster1,0.5975609756097561,0.5396825396825397,0.5421052631578948,0.5400305966343703,0.5719298245614035,0.4498840186079749
ITIH1,0.6341463414634146,0.48621553884711777,0.48621553884711777,0.48621553884711777,0.5898078529657478,0.8080551497571553
ITPRIP,0.573170731707317,0.5708333333333333,0.5735930735930737,0.5679662802950474,0.6635745207173778,0.7108724668317412
KAZALD1,0.5853658536585366,0.5027322404371585,0.5023569023569023,0.4992816091954023,0.5488215488215489,0.7070660085717282
KCNJ11---Cluster1,0.5365853658536586,0.4647988505747127,0.4675925925925926,0.4649725274725275,0.5542328042328042,0.7528835884784456
KLHL3,0.5121951219512195,0.5059808612440191,0.5061274509803921,0.5048309178743962,0.49601715686274506,0.5953939355596648
KRT80---Cluster1,0.5365853658536586,0.518243661100804,0.518243661100804,0.518243661100804,0.5510204081632653,0.6203985346355148
KRTCAP3,0.7439024390243902,0.5561085972850679,0.5738095238095238,0.5601532567049808,0.46785714285714286,0.19510458336252667
LAD1---Cluster1,0.5609756097560976,0.5263480392156863,0.5308908045977011,0.5198438516590762,0.5969827586206897,0.3784414587468446
LAMB3---Cluster1,0.6585365853658537,0.5876436781609196,0.5876436781609196,0.5876436781609196,0.5589080459770115,0.7586742782626403
LAMC2---Cluster1,0.5975609756097561,0.5970238095238095,0.5971973762671436,0.5970215934475056,0.3407871198568873,0.3792694253683846
LBP,0.6951219512195121,0.546969696969697,0.5691192865105908,0.5459579180509413,0.5128205128205128,0.8306198622661032
LCP1---Cluster1,0.5975609756097561,0.5998803827751196,0.599582587954681,0.5975011155734048,0.5491949910554562,0.5190976474754795
LGALS3BP,0.5609756097560976,0.5754830917874396,0.578125,0.5599284436493739,0.5987499999999999,0.4861941244995002
LGALS4,0.6463414634146342,0.5154753131908623,0.5198863636363636,0.5122051282051282,0.4791666666666667,0.7854279583899266
LGI4---Cluster1,0.5975609756097561,0.5346153846153846,0.5421545667447306,0.5304528891202498,0.45042935206869633,0.7066267972659238
LIME1,0.6219512195121951,0.43233830845771143,0.4451612903225806,0.4369878183831673,0.4798387096774194,0.27720375696776905
LOC100233209,0.573170731707317,0.5404040404040404,0.5375,0.5367231638418078,0.56875,0.6543788513798452
LOC388387---Cluster2,0.6707317073170732,0.6293402777777778,0.5969420949902408,0.5973813420621932,0.5738451528952505,0.4455338534484191
LOC55908---Cluster2,0.5609756097560976,0.5287569573283859,0.5313131313131313,0.5269230769230769,0.4841750841750842,0.6986706996984035
LRFN4,0.47560975609756095,0.47487745098039214,0.475609756097561,0.47176029962546817,0.5580011897679952,0.5932185592046146
LSP1---Cluster2,0.6341463414634146,0.6256038647342995,0.6274509803921569,0.6261398176291794,0.6433823529411764,0.7011392453018531
LTBP3---Cluster1,0.5365853658536586,0.5147435897435897,0.514093137254902,0.513125,0.5257352941176471,0.429584541613292
LTC4S,0.5609756097560976,0.5694444444444444,0.5694444444444444,0.5609756097560975,0.36443236714975846,0.5043075081101988
LY96,0.6829268292682927,0.603021978021978,0.6209677419354839,0.6072218128224024,0.6524193548387096,0.8334113701553392
MAP4K2,0.5609756097560976,0.5462962962962963,0.5422705314009661,0.53875,0.428743961352657,0.518837798399452
MAP9---Cluster1,0.6585365853658537,0.6481812760882528,0.6831245394252026,0.6369386464263125,0.6484893146647016,0.3748303103765521
MASP1---Cluster1,0.5609756097560976,0.48633879781420764,0.4886141834743006,0.48210526315789476,0.5191932335718933,0.362503616881658
MAT1A---Cluster1,0.6097560975609756,0.5771043771043771,0.5724225173940544,0.5731945348080676,0.5218216318785578,0.6141072572332238
MFSD7---Cluster1,0.6585365853658537,0.6291793313069909,0.6565954310980103,0.6265452179570592,0.6484893146647015,0.8144273304927172
MGAM---Cluster1,0.6219512195121951,0.5273224043715847,0.5251436781609196,0.5253034547152193,0.5,0.32239628155335714
MGAT1,0.5121951219512195,0.470625,0.4677197802197802,0.4664931685100846,0.49038461538461536,0.7105199152215758
MOBKL2A,0.6585365853658537,0.6265452179570592,0.6265452179570592,0.6265452179570592,0.6337020169160703,0.7359380973254307
MT1E---Cluster1,0.5853658536585366,0.5670289855072463,0.5734126984126984,0.564375,0.49669312169312163,0.38374307440552224
NCKAP1L---Cluster1,0.6341463414634146,0.5684210526315789,0.5684210526315789,0.5684210526315789,0.5831578947368421,0.7630405395533182
NKG7,0.5853658536585366,0.5461538461538462,0.5476190476190476,0.5465191932335719,0.5813492063492064,0.7420094944665301
NPC1L1---Cluster1,0.524390243902439,0.4993872549019608,0.4993493819128172,0.4974068835454974,0.5217957059206246,0.369983190637558
PAK6---Cluster1,0.524390243902439,0.4757575757575757,0.4769230769230769,0.4756517461878997,0.4858974358974359,0.6636170927953616
PAQR5,0.6585365853658537,0.6134680134680135,0.6134680134680135,0.6134680134680135,0.5946127946127946,0.45109480150786097
PDLIM4---Cluster1,0.6829268292682927,0.5962121212121212,0.5962121212121212,0.5962121212121212,0.37803030303030305,0.6618926011323462
PDZK1IP1,0.6341463414634146,0.5459770114942528,0.5484848484848485,0.5467943994104643,0.5696969696969697,0.40793175990651037
PFKM,0.6463414634146342,0.5668103448275862,0.5685335298452469,0.5675577377705037,0.5755342667649226,0.7816842848457263
PIPOX---Cluster1,0.6463414634146342,0.5790229885057472,0.5771929824561404,0.5779946761313222,0.6540350877192982,0.37927632244394455
PKIA---Cluster1,0.524390243902439,0.5226190476190476,0.5231003039513678,0.5208988764044944,0.5237082066869301,0.44958480848894444
PKP3,0.6341463414634146,0.48621553884711777,0.48621553884711777,0.48621553884711777,0.46365914786967416,0.7454285597032999
PLA2G12B---Cluster1,0.5487804878048781,0.46210526315789474,0.46120689655172414,0.4615794143744454,0.5251436781609196,0.34353405631935074
PLAC8,0.6829268292682927,0.5408990420044215,0.5618729096989966,0.5373263888888888,0.6109253065774806,0.8738591636850497
POF1B---Cluster1,0.524390243902439,0.5179344465058751,0.5173444976076556,0.5156746933212176,0.5023923444976076,0.4426162704475146
PPP1R14D---Cluster1,0.524390243902439,0.5190816935002982,0.52,0.5156746933212176,0.40812500000000007,0.33380956661323186
PREPL---Cluster1,0.6707317073170732,0.5651629072681704,0.5590909090909091,0.5609756097560976,0.5984848484848486,0.37048977048051523
PROM1---Cluster2,0.6585365853658537,0.6308771929824561,0.6179633143580012,0.6203703703703705,0.6546489563567363,0.7243532985670119
PTGER3---Cluster2,0.6463414634146342,0.502210759027266,0.5031512605042017,0.49393487976165135,0.6165966386554622,0.2240786236052421
PTPN22,0.5853658536585366,0.5728021978021978,0.5640096618357487,0.5591397849462365,0.5881642512077295,0.6396236433292629
PTPN7---Cluster1,0.5853658536585366,0.49963154016212236,0.49964912280701756,0.4992816091954023,0.44561403508771924,0.6731984039860415
PTPRC,0.573170731707317,0.49537037037037035,0.49453551912568305,0.4906832298136645,0.5761124121779859,0.8243928574533343
PTPRCAP---Cluster1,0.5,0.47939560439560436,0.48198198198198194,0.4716328775734716,0.5351351351351351,0.6314452363248334
RASSF5---Cluster2,0.524390243902439,0.4681197137280416,0.46634615384615385,0.4665554628857381,0.47527472527472525,0.690466469698752
RCAN2,0.5365853658536586,0.5098039215686274,0.5105820105820106,0.5072738772928527,0.5125661375661376,0.7130967775442942
RIPK3---Cluster2,0.4268292682926829,0.4197568389057751,0.42105263157894735,0.4198404335390637,0.42224880382775115,0.5536166472287316
RNF182---Cluster1,0.5975609756097561,0.4956896551724138,0.4953161592505855,0.4946778711484594,0.3981264637002342,0.22235868282167953
RORC---Cluster1,0.5853658536585366,0.4887096774193548,0.4903846153846154,0.48636698599852624,0.532967032967033,0.3279632531698137
RPL39L---Cluster1,0.7317073170731707,0.6167056986729118,0.6352941176470588,0.6232247284878863,0.7040723981900453,0.38897058422623965
RUNX1,0.6097560975609756,0.611904761904762,0.6151960784313726,0.6076555023923446,0.6488970588235294,0.7133813883757758
S100A14,0.5487804878048781,0.537037037037037,0.5336336336336336,0.5285159285159284,0.5735735735735736,0.5209254761751497
SCN3B---Cluster1,0.5487804878048781,0.5311004784688995,0.5405932864949259,0.5102502017756254,0.4957064793130367,0.28398756871820796
SDCBP2,0.5,0.5017942583732058,0.501788908765653,0.49992562843968463,0.4865831842576029,0.46493485734000806
SEPT1,0.6585365853658537,0.6168017686072218,0.6031229668184775,0.6057692307692307,0.6376057254391673,0.7436187639552322
SERPINF2---Cluster1,0.5487804878048781,0.5483005366726297,0.5482142857142858,0.5481757259865971,0.5505952380952381,0.573416277809555
SFN---Cluster1,0.47560975609756095,0.4725700655933214,0.4722222222222222,0.4717602996254681,0.45350241545893716,0.5572921030515589
SIM1,0.5975609756097561,0.5909090909090908,0.5940012368583798,0.5901862789641072,0.367965367965368,0.3319347548902468
SLA,0.6219512195121951,0.5862068965517242,0.5759013282732448,0.5759799833194328,0.5736875395319418,0.7069287385768562
SLAMF7---Cluster1,0.4878048780487805,0.4873222016079159,0.4878048780487805,0.48288288288288284,0.4830458060678168,0.5119586574840836
SLC10A2,0.5121951219512195,0.459375,0.4507575757575758,0.4478114478114479,0.49166666666666664,0.7782839846486986
SLC16A11,0.6951219512195121,0.6290322580645161,0.612280701754386,0.6171802054154994,0.6428070175438597,0.4654642872029959
SLC16A5---Cluster1,0.5121951219512195,0.49879227053140096,0.49875,0.49754901960784315,0.53,0.6253700086835643
SLC17A1---Cluster1,0.6341463414634146,0.5520361990950227,0.5387205387205387,0.5340909090909092,0.6047138047138046,0.4554668892002725
SLC17A2,0.5121951219512195,0.4368131868131868,0.4368131868131868,0.4368131868131868,0.4107142857142857,0.6453868966156683
SLC1A7,0.5,0.4957107843137255,0.4958258795468098,0.49390335691705556,0.5533691115086464,0.6039293842579645
SLC34A2---Cluster1,0.5609756097560976,0.52765126870527,0.5268817204301075,0.5269230769230769,0.6223908918406073,0.45046216715371595
SLC44A4,0.5365853658536586,0.5227963525835866,0.5231910946196661,0.522671568627451,0.47742733457019165,0.4123187012144649
SLC46A3---Cluster1,0.7195121951219512,0.6307471264367817,0.652046783625731,0.6375168172208341,0.3583959899749373,0.233440658599108
SLC5A12,0.5,0.4994036970781157,0.4994047619047619,0.4993298585256888,0.5160714285714285,0.5445053087635782
SLC6A18,0.5487804878048781,0.5370820668693009,0.5373774509803921,0.5371472158657513,0.4338235294117647,0.5789710885320405
SLC6A19,0.4634146341463415,0.4722222222222222,0.47488038277511957,0.4553140096618358,0.49162679425837325,0.5683119553746179
SLC6A3,0.6951219512195121,0.5687782805429864,0.5612903225806452,0.5637369653117684,0.5612903225806452,0.3947659348898288
SLFN12,0.5365853658536586,0.5363095238095239,0.5363095238095239,0.5363095238095239,0.47559523809523807,0.5509364950873696
SLPI---Cluster2,0.6219512195121951,0.5377747252747254,0.5429352068696331,0.5377341334788144,0.600312256049961,0.8080395997355231
SNTB1---Cluster1,0.6707317073170732,0.6084770114942528,0.6059649122807017,0.6070984915705412,0.5908771929824561,0.7290772070731284
SNX33,0.6707317073170732,0.5451612903225806,0.5467836257309941,0.5458461538461539,0.5555555555555556,0.3150828541982411
SOX8,0.5975609756097561,0.5487179487179487,0.5533333333333333,0.5486238532110091,0.5761403508771931,0.3668189658087739
SP140---Cluster1,0.6097560975609756,0.5810019518542615,0.5787476280834914,0.5794871794871794,0.6306135357368754,0.7713461997715498
SPON1,0.5975609756097561,0.5478997789240972,0.5416666666666666,0.5400305966343703,0.6064102564102565,0.7476944684763005
SRPX2---Cluster1,0.6341463414634146,0.6297872340425532,0.6282282282282282,0.6286231884057971,0.6684684684684685,0.6645820775980549
SULT1C4,0.6585365853658537,0.6417508417508417,0.6301793444650587,0.632051282051282,0.6437847866419295,0.5264250009916727
SYK---Cluster3,0.5487804878048781,0.549043062200957,0.5487804878048781,0.5481757259865971,0.5029744199881023,0.5061536888744245
TAGAP---Cluster2,0.524390243902439,0.5316985645933014,0.5327767470624614,0.5226153157187641,0.551638837353123,0.4976916398521908
TCN2,0.5975609756097561,0.5811781609195402,0.568693009118541,0.5631961259079903,0.5848024316109424,0.495792379223713
THRSP,0.5609756097560976,0.5313131313131313,0.5287569573283859,0.5269230769230769,0.4168212739641311,0.5177692021871292
TM4SF18,0.6463414634146342,0.4728506787330317,0.4739583333333333,0.47331118493909197,0.5321180555555556,0.302971571092012
TM4SF19---Cluster1,0.5609756097560976,0.569377990430622,0.5725,0.5586124401913876,0.64,0.755180859373698
TMEM149,0.6707317073170732,0.5959677419354839,0.5835087719298245,0.5865546218487394,0.5635087719298245,0.7279578648439533
TMEM173,0.6097560975609756,0.6076326774001193,0.6084084084084085,0.6076555023923446,0.6432432432432432,0.7006173258177312
TMEM200A,0.6219512195121951,0.6190476190476191,0.6265022137887413,0.6150234741784038,0.6483238456672992,0.7454339269311927
TMEM25---Cluster1,0.6585365853658537,0.6196491228070176,0.6109303838646715,0.6134680134680135,0.5797007156798959,0.48670391097317234
TMEM92---Cluster2,0.6341463414634146,0.49090909090909096,0.48863636363636365,0.4862155388471178,0.5142045454545454,0.2068066667505889
TNFAIP8L2---Cluster2,0.5853658536585366,0.5699414443721535,0.5653495440729484,0.5643750000000001,0.5604863221884497,0.6390603493990388
TNFRSF9,0.5609756097560976,0.5422705314009661,0.5462962962962963,0.53875,0.6190476190476191,0.7537098395185031
TNFSF8,0.45121951219512196,0.4193233571893299,0.4240196078431373,0.42008486562942016,0.42769607843137253,0.6045993248559812
TOB1---Cluster2,0.7073170731707317,0.6098245614035087,0.641628959276018,0.6159250585480094,0.6705882352941176,0.3632531805963825
TRAK1---Cluster1,0.6829268292682927,0.5547201336675021,0.5547201336675021,0.5547201336675021,0.49791144527986636,0.75340446393111
TSPAN8,0.6219512195121951,0.5007183908045977,0.5009049773755656,0.4959349593495935,0.5656108597285068,0.8375565480511491
TSPYL5---Cluster2,0.6219512195121951,0.6261961722488039,0.6267267267267267,0.6218949873568347,0.6705705705705707,0.6150504492889011
UGT3A1---Cluster1,0.5121951219512195,0.4876660341555977,0.48794063079777367,0.48750000000000004,0.5565862708719851,0.45167119131092004
UPK1B---Cluster1,0.5,0.5,0.5,0.49992562843968463,0.5273809523809524,0.5582848622210261
VNN1---Cluster1,0.5975609756097561,0.6021021021021021,0.6016746411483254,0.5975011155734047,0.37799043062200954,0.5004083757678252
VNN2---Cluster1,0.573170731707317,0.587087087087087,0.592948717948718,0.5700374531835206,0.3958333333333333,0.588442519391978
VTN---Cluster2,0.4878048780487805,0.43784786641929496,0.42154566744730676,0.4202020202020202,0.45901639344262296,0.23905876800867526
WAS,0.7073170731707317,0.6848484848484848,0.6564102564102564,0.6620879120879121,0.6544871794871795,0.7368289343798768
WBP2NL---Cluster1,0.5609756097560976,0.45964912280701753,0.4551131928181108,0.45615327929255706,0.555815768930523,0.3182351588260003
WIPF1,0.6951219512195121,0.642225497420781,0.632554945054945,0.6362023070097604,0.5782967032967034,0.6946533555251567
WISP3---Cluster1,0.5487804878048781,0.5338321405335068,0.5314009661835749,0.5285159285159285,0.5839371980676328,0.6784419553157021
XDH,0.6219512195121951,0.6190191387559809,0.6195195195195196,0.6191760299625468,0.5963963963963964,0.6185934355988244
XK---Cluster1,0.5487804878048781,0.5555555555555556,0.5552552552552552,0.5487133720065447,0.5468468468468469,0.49546338948840263
XKR6---Cluster1,0.6219512195121951,0.5259649122807017,0.5298387096774193,0.5253034547152193,0.629032258064516,0.32350356214488085
ZBED2---Cluster1,0.5975609756097561,0.5841063698206554,0.5833333333333333,0.5836282505000769,0.598345588235294,0.6571123322780394
ZBTB32---Cluster1,0.5609756097560976,0.4959469417833456,0.49642160052049444,0.4931318681318681,0.5211450878334418,0.7022544775950788
ZFP37---Cluster1,0.6829268292682927,0.5058548009367682,0.5096030729833547,0.4952651515151515,0.3918053777208707,0.12517623601751438
ZNF132,0.6707317073170732,0.6231249999999999,0.6537861046057767,0.623661397246303,0.6494925839188134,0.3980701179760287
ZNF134,0.5853658536585366,0.5760286225402504,0.5894736842105264,0.5643750000000001,0.6147368421052632,0.4157058666380372
ZNF135,0.6341463414634146,0.5875,0.606060606060606,0.5858585858585859,0.6931818181818182,0.378506827450005
ZNF154---Cluster1,0.5121951219512195,0.49875,0.49879227053140096,0.49754901960784315,0.5428743961352658,0.6074615757423704
ZNF280B,0.5487804878048781,0.5878169449598021,0.5975274725274725,0.5454681647940076,0.5254120879120879,0.32967174385543513
ZNF415,0.6585365853658537,0.4817708333333333,0.48011363636363635,0.4805429864253394,0.5359848484848485,0.22799316000931186
ZNF501---Cluster1,0.5609756097560976,0.48951612903225805,0.4916666666666667,0.4821052631578948,0.4391025641025641,0.3632293133061242
ZNF502,0.6463414634146342,0.5057471264367817,0.5089186176142698,0.4939348797616514,0.5183946488294314,0.31751003537807504
ZNF542---Cluster2,0.6829268292682927,0.6130952380952381,0.6379032258064516,0.6170977011494253,0.6846774193548387,0.3942281081363563
ZNF577,0.6585365853658537,0.6109303838646715,0.6196491228070176,0.6134680134680135,0.7024561403508772,0.8311221025420854
ZNF606,0.6463414634146342,0.5301724137931034,0.5380090497737556,0.5284552845528455,0.6542986425339365,0.3019607452235353
ZNF662,0.5975609756097561,0.5742115027829313,0.5769230769230769,0.5747289014615746,0.6349358974358974,0.729985696730769
ZNF671,0.8048780487804879,0.6892230576441103,0.7253731343283583,0.7031674208144796,0.7999999999999999,0.5691788071857908
ZNF677---Cluster1,0.6585365853658537,0.5770081061164333,0.5770081061164333,0.5770081061164333,0.567428150331614,0.3464669653270666
ZNF781---Cluster2,0.7560975609756098,0.6893939393939394,0.6893939393939394,0.6893939393939394,0.32272727272727275,0.21403528007980965
ZSCAN1---Cluster2,0.6951219512195121,0.5850694444444444,0.5765027322404371,0.5794871794871795,0.6494925839188134,0.3921953757421475
ZSCAN12---Cluster1,0.573170731707317,0.5738095238095238,0.5739415623136553,0.5731072437899747,0.41502683363148474,0.5092846671869381
