,cluster_0,cluster_1,cluster_2
cellularity_Average,0.0056187390427419525,0.004673571758132333,0.006245325838829292
cellularity_Median,0.00425369299687436,0.005107688891709466,0.0032557133743906647
cellularity_Inter_Quartile_Range,0.004701885163452483,0.0028078501754477767,0.004729520363753432
cellularity_Robust_Skewness,0.004938240753750072,0.002875342335162212,0.002745494789947373
cellularity_Robust_Kurtosis,0.007816736800563466,0.0027159845053279412,0.003944449991009998
cell_voronoi_area_Average,0.0032903297224892245,0.004279247834999994,0.0045807673757163915
cell_voronoi_area_Median,0.0020898951687368765,0.002184482800554192,0.004362175589021864
cell_voronoi_area_Inter_Quartile_Range,0.012751961777996017,0.003523227080533638,0.004027247995383246
cell_voronoi_area_Robust_Skewness,0.006302825496586184,0.004004806271956029,0.0037564127716394786
cell_voronoi_area_Robust_Kurtosis,0.0068980250802567825,0.005528755667759673,0.0016636879833238877
cytoplasm_background_intensity_mean_Average,0.00536024222977885,0.002878211272327222,0.0018495904876253372
cytoplasm_background_intensity_mean_Median,0.0025882564848171293,0.001590244523103786,0.0032128193484245284
cytoplasm_background_intensity_mean_Inter_Quartile_Range,0.005510486603336761,0.003735636264232629,0.004660879461340899
cytoplasm_background_intensity_mean_Robust_Skewness,0.0016961439478190142,0.004079045109584911,0.010889336296692925
cytoplasm_background_intensity_mean_Robust_Kurtosis,0.0031197562054743914,0.0068542441750386275,0.0041152058033575075
cytoplasm_background_intensity_sd_Average,0.0035678098979337203,0.0037890173395799093,0.0037928090441117636
cytoplasm_background_intensity_sd_Median,0.0017807188557308557,0.0018779364794693973,0.004160481335179305
cytoplasm_background_intensity_sd_Inter_Quartile_Range,0.002569315687118071,0.004655511277541563,0.0031287682046735343
cytoplasm_background_intensity_sd_Robust_Skewness,0.0032592847693598535,0.005802154320326432,0.0007707975992399882
cytoplasm_background_intensity_sd_Robust_Kurtosis,0.0023852527700131184,0.0023944139662237423,0.007788492450487645
cytoplasm_contrast_mean_Average,0.006089783765484795,0.000820052088298061,0.0009454331688481869
cytoplasm_contrast_mean_Median,0.002236025613356365,0.0017924194533771485,0.0009733462533320655
cytoplasm_contrast_mean_Inter_Quartile_Range,0.004710883040143666,0.0017290734235699318,0.0038582675062933474
cytoplasm_contrast_mean_Robust_Skewness,0.00436456770920941,0.0032357031616586478,0.002530330225117785
cytoplasm_contrast_mean_Robust_Kurtosis,0.002024023322306704,0.006126816897026463,0.0010711894036215643
cytoplasm_gradient_mean_Average,0.002512826932864431,0.0028203849006967303,0.003091758335033867
cytoplasm_gradient_mean_Median,0.005292835443702801,0.0018406948416192987,0.0013420056279017643
cytoplasm_gradient_mean_Inter_Quartile_Range,0.0047704088577338166,0.0068024007439675994,0.004784077978329252
cytoplasm_gradient_mean_Robust_Skewness,0.007235377012697555,0.005472882393707124,0.0036925764484008914
cytoplasm_gradient_mean_Robust_Kurtosis,0.010038193758649472,0.0069322368674258035,0.001385889051156057
cytoplasm_gradient_sd_Average,0.0020581623691482373,0.002184730759631015,0.003676093414381278
cytoplasm_gradient_sd_Median,0.00064227766336047,0.001198603955506091,0.0033017770029407033
cytoplasm_gradient_sd_Inter_Quartile_Range,0.002940601091951754,0.014922442413511221,0.001509715823325267
cytoplasm_gradient_sd_Robust_Skewness,0.003966206887777559,0.0024557544727927976,0.002452939232650712
cytoplasm_gradient_sd_Robust_Kurtosis,0.0039092919850427345,0.004828686645665814,0.0016938162993608646
cytoplasm_intensity_mean_Average,0.0029843603562218967,0.0012588271550441526,0.005213566873137899
cytoplasm_intensity_mean_Median,0.0018326131022344976,0.004283326128846534,0.003856204940452865
cytoplasm_intensity_mean_Inter_Quartile_Range,0.0031424971208513586,0.00342785160329675,0.002047223511047849
cytoplasm_intensity_mean_Robust_Skewness,0.003791117785378647,0.005060807789581166,0.005272414765676114
cytoplasm_intensity_mean_Robust_Kurtosis,0.003421047843471323,0.002433445973946154,0.0020720650945721814
cytoplasm_intensity_sd_Average,0.003497508383935027,0.003042342499217827,0.004681337228851115
cytoplasm_intensity_sd_Median,0.001828374153279281,0.0025370205027388333,0.003630234619990596
cytoplasm_intensity_sd_Inter_Quartile_Range,0.001141894615607338,0.0037730301119923214,0.0015928177471304617
cytoplasm_intensity_sd_Robust_Skewness,0.008954312284970796,0.003250785764413499,0.009197237891062254
cytoplasm_intensity_sd_Robust_Kurtosis,0.011904863245564546,0.0015704580352058407,0.0025657509980932486
cytoplasm_intensity_total_Average,0.004334574061825454,0.0034940341184220135,0.0022679080704506873
cytoplasm_intensity_total_Median,0.003546818796622469,0.006557205512771506,0.003170013517028813
cytoplasm_intensity_total_Inter_Quartile_Range,0.00417784855491577,0.004909856260584572,0.003501383561808557
cytoplasm_intensity_total_Robust_Skewness,0.006360370115635039,0.005233602669802177,0.007806794312638529
cytoplasm_intensity_total_Robust_Kurtosis,0.00504461890998226,0.013143573161553648,0.0031165718745032166
edge_length_Average,0.003939089881261536,0.003498117490898075,0.0052384180799669895
edge_length_Median,0.004491647299962924,0.004988436110166503,0.006073826381499021
edge_length_Inter_Quartile_Range,0.004350486987766089,0.003996557186108046,0.0036011681284971397
edge_length_Robust_Skewness,0.013928919418200023,0.005432788070432288,0.003294598007188733
edge_length_Robust_Kurtosis,0.007398378535949619,0.004356739842906355,0.000971237018908894
nucleus_area_Average,0.0018137663280965316,0.002966458317818717,0.005854010724438772
nucleus_area_Median,0.0048852658780122495,0.0026687694687497292,0.005124319844305526
nucleus_area_Inter_Quartile_Range,0.0019060683153927433,0.0013658279654534585,0.006328240489868911
nucleus_area_Robust_Skewness,0.005155094563087864,0.0044384538250870475,0.008844799828367209
nucleus_area_Robust_Kurtosis,0.003045452863825335,0.001393116525137913,0.0051070245556397165
nucleus_aspect_ratio_Average,0.004539737195346233,0.005044673757523269,0.0023535992751188674
nucleus_aspect_ratio_Median,0.0052121383286426355,0.0019507254991247142,0.00437865180748136
nucleus_aspect_ratio_Inter_Quartile_Range,0.0032812022365456568,0.013100254466783487,0.0052975831115991846
nucleus_aspect_ratio_Robust_Skewness,0.006321936588051956,0.007865033132073651,0.00341670962297356
nucleus_aspect_ratio_Robust_Kurtosis,0.0053454898960604265,0.00415999966831708,0.009690484433300086
nucleus_background_intensity_mean_Average,0.0032760747226095134,0.0016867222217656882,0.00447079504240345
nucleus_background_intensity_mean_Median,0.004805624315718341,0.003790240672232841,0.00460124932610752
nucleus_background_intensity_mean_Inter_Quartile_Range,0.0038733101024664824,0.007544214890973644,0.0055986679903946126
nucleus_background_intensity_mean_Robust_Skewness,0.002423404135428433,0.004935364996747429,0.002532102429947881
nucleus_background_intensity_mean_Robust_Kurtosis,0.0018097705334224324,0.004251609838485046,0.0024598158375945603
nucleus_background_intensity_sd_Average,0.0030586944782312274,0.0016787384236199945,0.0035111663653075715
nucleus_background_intensity_sd_Median,0.0033841790417193335,0.0011920534390386425,0.008126325681054352
nucleus_background_intensity_sd_Inter_Quartile_Range,0.0022368080919731373,0.002736503883555512,0.005508069813049409
nucleus_background_intensity_sd_Robust_Skewness,0.014925762814142395,0.005191613312411266,0.002611576158816627
nucleus_background_intensity_sd_Robust_Kurtosis,0.0031171585518679603,0.001068302861524098,0.003596010580717622
nucleus_bending_energy_s1_mean_Average,0.005083000738645427,0.00603444180941571,0.009491579271025466
nucleus_bending_energy_s1_mean_Median,0.00459521062670879,0.0018498972035436367,0.004827976845362127
nucleus_bending_energy_s1_mean_Inter_Quartile_Range,0.004965163621034569,0.01127294277923337,0.006589215938646806
nucleus_bending_energy_s1_mean_Robust_Skewness,0.009568871180351093,0.0018414471006661444,0.0019001935421483318
nucleus_bending_energy_s1_mean_Robust_Kurtosis,0.0029693291596884497,0.005164259493684561,0.004460319509841463
nucleus_contrast_mean_Average,0.004712405452926985,0.0035297449427749545,0.004500053973200652
nucleus_contrast_mean_Median,0.003415651218070752,0.003515123072031896,0.0018214242330405839
nucleus_contrast_mean_Inter_Quartile_Range,0.008218587448426594,0.0019561656540190236,0.007989995462457577
nucleus_contrast_mean_Robust_Skewness,0.0021819201284627426,0.0011328598244352078,0.005795285028482224
nucleus_contrast_mean_Robust_Kurtosis,0.006369662056008791,0.0034975349253107057,0.001307422460013099
nucleus_curvature_s1_sd_Average,0.0018581043749495813,0.004363038806114406,0.007258405057325509
nucleus_curvature_s1_sd_Median,0.003338131763965135,0.001638922333653141,0.0012628986724196342
nucleus_curvature_s1_sd_Inter_Quartile_Range,0.001775410310779645,0.004165690731438663,0.002867968480331147
nucleus_curvature_s1_sd_Robust_Skewness,0.002590781344069132,0.0020963260730913246,0.004799657410362376
nucleus_curvature_s1_sd_Robust_Kurtosis,0.00304744041953352,0.0027169788414561484,0.004998175574290865
nucleus_deviation_from_polygon_convexity_Average,0.0013754547419327042,0.0029173676816081707,0.004702579800393457
nucleus_deviation_from_polygon_convexity_Median,0.0,0.0,0.0
nucleus_deviation_from_polygon_convexity_Inter_Quartile_Range,0.0,0.0,0.0
nucleus_deviation_from_polygon_convexity_Robust_Kurtosis,0.0,0.0,0.0
nucleus_gradient_mean_Average,0.006082646671779462,0.0019123576567354112,0.004675184361950099
nucleus_gradient_mean_Median,0.002101271494219397,0.0014587825445380475,0.002504451117599855
nucleus_gradient_mean_Inter_Quartile_Range,0.006677775586763214,0.005013892797736039,0.0043623944242584655
nucleus_gradient_mean_Robust_Skewness,0.003114583958122154,0.0031006119749987238,0.0036835032069671507
nucleus_gradient_mean_Robust_Kurtosis,0.008289911445871084,0.007818869677471328,0.003747344841878325
nucleus_gradient_sd_Average,0.0010422994408739548,0.0035659917694536324,0.0043563056943394275
nucleus_gradient_sd_Median,0.002021160660407603,0.0013238086594852144,0.004017663736496705
nucleus_gradient_sd_Inter_Quartile_Range,0.004855058439431977,0.0045155849854591635,0.0037407028061166823
nucleus_gradient_sd_Robust_Skewness,0.010873059729341897,0.004868348172111757,0.0019243856778933504
nucleus_gradient_sd_Robust_Kurtosis,0.005611286497058575,0.0031740380321394522,0.002002939747653665
nucleus_intensity_mean_Average,0.0019342830671937564,0.005685992157376171,0.0026197093379932337
nucleus_intensity_mean_Median,0.003974592053171048,0.000945205048286311,0.001428281534757116
nucleus_intensity_mean_Inter_Quartile_Range,0.0019318737642276679,0.0040656285680239265,0.002970560889655164
nucleus_intensity_mean_Robust_Skewness,0.004628603801318193,0.00627980494501995,0.004260872004638185
nucleus_intensity_mean_Robust_Kurtosis,0.002883310813941507,0.003724442732630035,0.0090267389229952
nucleus_intensity_sd_Average,0.0019931125357416256,0.005192511370119081,0.0012557725884177783
nucleus_intensity_sd_Median,0.003324158949551976,0.0032262426050955334,0.0050791600364597555
nucleus_intensity_sd_Inter_Quartile_Range,0.001592033801560878,0.0022031641614143633,0.0027944764971668985
nucleus_intensity_sd_Robust_Skewness,0.00605020753686744,0.0036762392350746585,0.005686388457259752
nucleus_intensity_sd_Robust_Kurtosis,0.005850432781879196,0.0045798090071666785,0.0074436139045451965
nucleus_intensity_total_Average,0.005224002951985033,0.00614716063231994,0.0009656947727347398
nucleus_intensity_total_Median,0.003916625601521148,0.005484615098888305,0.0063081475481424395
nucleus_intensity_total_Inter_Quartile_Range,0.004896390670677061,0.001042035539341542,0.007467959560122567
nucleus_intensity_total_Robust_Skewness,0.0028652303285134403,0.0071693337840532875,0.008574652580754133
nucleus_intensity_total_Robust_Kurtosis,0.006960898452450133,0.0033640798333885004,0.004960049101245624
nucleus_major_axis_Average,0.0023221264470207536,0.0026179352875670896,0.0034187742244057035
nucleus_major_axis_Median,0.002275479989322452,0.0,0.001615996434014391
nucleus_major_axis_Inter_Quartile_Range,0.0021107945668397132,0.0014348255100342685,0.0027764234709398553
nucleus_major_axis_Robust_Skewness,0.004904762103988726,0.001155086054278282,0.0007480314178634132
nucleus_major_axis_Robust_Kurtosis,0.005953579107169916,0.003636828471937585,0.003550894816262003
nucleus_max_curvature_s1_Average,0.0015675976483481146,0.00470949725995618,0.00734555587877874
nucleus_max_curvature_s1_Median,0.004850245850413371,0.001096390956500857,0.004677932700692548
nucleus_max_curvature_s1_Inter_Quartile_Range,0.0007913190628641217,0.0034240568968130517,0.000980371202322146
nucleus_max_curvature_s1_Robust_Skewness,0.005247882649729191,0.0030448822402973463,0.0064586224324179745
nucleus_max_curvature_s1_Robust_Kurtosis,0.003324509458500677,0.0026113741432844746,0.007386889479479133
nucleus_minor_axis_Average,0.004982653694796892,0.0008203895411924905,0.0015724397713665747
nucleus_minor_axis_Median,0.00026938408533595684,5.19246156727217e-05,0.0025232345521570706
nucleus_minor_axis_Inter_Quartile_Range,0.0,0.0009670715049401668,0.0021876874046846497
nucleus_minor_axis_Robust_Skewness,0.0009630926426786823,0.0008148543444659556,0.0017068552302401938
nucleus_minor_axis_Robust_Kurtosis,0.0010668100285193924,0.0021139251622594077,0.004033067091334722
nucleus_orientation_Average,0.0036208735136512927,0.0012834277213461997,0.005462086505510515
nucleus_orientation_Median,0.0008098333578754885,0.004137508744617977,0.003966688429450575
nucleus_orientation_Inter_Quartile_Range,0.004374061173241794,0.004419799334379421,0.0035653220026031916
nucleus_orientation_Robust_Skewness,0.005619710189462774,0.00482919954658008,0.00875107701499062
nucleus_orientation_Robust_Kurtosis,0.001088444524146187,0.001963166983595763,0.003857095580639969
nucleus_perimeter_Average,0.002689703616320481,0.002469054041968971,0.0066253300906731595
nucleus_perimeter_Median,0.001445475749724571,0.0009966301215539191,0.00041537756122322895
nucleus_perimeter_Inter_Quartile_Range,0.0007882291687847127,0.0009658922679093401,0.000824372757856589
nucleus_perimeter_Robust_Skewness,0.0018023521775425485,0.0017758118383510149,0.0015939565139707732
nucleus_perimeter_Robust_Kurtosis,0.003256804591458823,0.0013363644733470265,0.004562061723287576
nucleus_texture_feature_0_mean_Average,0.001687776005840298,0.003245994893821299,0.0028401840453214948
nucleus_texture_feature_0_mean_Median,0.0011179982467058875,0.002521844006587842,0.0014195053138968388
nucleus_texture_feature_0_mean_Inter_Quartile_Range,0.0016302465256581035,0.0017411248874152692,0.00205873884279425
nucleus_texture_feature_0_mean_Robust_Skewness,0.004912029820338568,0.0030633907977609116,0.0018577628437712595
nucleus_texture_feature_0_mean_Robust_Kurtosis,0.003376078592683835,0.0017723607582536347,0.0042389770804435786
nucleus_texture_feature_0_sd_Average,0.0013471587950141869,0.001049004637503358,0.0007120563915421584
nucleus_texture_feature_0_sd_Median,0.0028443302014131582,0.0009359479756642394,0.00019163804743239026
nucleus_texture_feature_0_sd_Inter_Quartile_Range,0.007767280817427255,0.0052619731675783345,0.0015630946597585287
nucleus_texture_feature_0_sd_Robust_Skewness,0.002958453176479706,0.005280575228983464,0.000804468634672975
nucleus_texture_feature_0_sd_Robust_Kurtosis,0.0035058580272308835,0.00399749229065458,0.004074856056876136
nucleus_texture_feature_10_mean_Average,0.0012153412380614063,0.0007988617928685371,0.001856826245520927
nucleus_texture_feature_10_mean_Median,0.0023638421485457296,0.0024591753927223955,0.0013704117585109205
nucleus_texture_feature_10_mean_Inter_Quartile_Range,0.0018150398630279127,0.006685023554223715,0.000529538129220732
nucleus_texture_feature_10_mean_Robust_Skewness,0.0059518838692288025,0.0027677186746426553,0.007202937761140272
nucleus_texture_feature_10_mean_Robust_Kurtosis,0.0029662939430295534,0.0022372169785685576,0.003848668205806065
nucleus_texture_feature_10_sd_Average,0.002038579963652692,0.0019243916949066556,0.0016299215628782031
nucleus_texture_feature_10_sd_Median,0.0006294711039930404,0.0024387436092927653,0.0022540998972450915
nucleus_texture_feature_10_sd_Inter_Quartile_Range,0.0014721370655191826,0.0036332270764290386,0.0005217796692543965
nucleus_texture_feature_10_sd_Robust_Skewness,0.007602439404056429,0.0034372444962059816,0.0034936940486910645
nucleus_texture_feature_10_sd_Robust_Kurtosis,0.0038868296629963146,0.005952205459503709,0.000706298009453405
nucleus_texture_feature_11_mean_Average,0.0006282756342625455,0.004223025046026604,0.0016197069446312012
nucleus_texture_feature_11_mean_Median,0.0008618884750037338,0.0009195707817556637,0.0
nucleus_texture_feature_11_mean_Inter_Quartile_Range,0.002192409355900493,0.002998554094725767,0.0012963374944705607
nucleus_texture_feature_11_mean_Robust_Skewness,0.005642675556601604,0.006913106397180501,0.011492762914817111
nucleus_texture_feature_11_mean_Robust_Kurtosis,0.003832391475223573,0.0038335908751901803,0.004692631447404756
nucleus_texture_feature_11_sd_Average,0.002057370853873952,0.0012650893035828891,0.0004813049383284538
nucleus_texture_feature_11_sd_Median,0.0010776198179924595,0.005319291250567111,0.0015863285008436223
nucleus_texture_feature_11_sd_Inter_Quartile_Range,0.002209771719918366,0.005612286119186567,0.00317499255439522
nucleus_texture_feature_11_sd_Robust_Skewness,0.006960009055038672,0.0030988931451986865,0.004839780859131981
nucleus_texture_feature_11_sd_Robust_Kurtosis,0.001984358776406249,0.0019077243066735312,0.0052055620568307644
nucleus_texture_feature_1_mean_Average,0.002217386717960705,0.003535665207626495,0.001759708328370301
nucleus_texture_feature_1_mean_Median,0.0018694939168564053,0.0026700475930439924,0.0008466754604891036
nucleus_texture_feature_1_mean_Inter_Quartile_Range,0.0033310151789546875,0.0006803990961104592,0.0029436230275987456
nucleus_texture_feature_1_mean_Robust_Skewness,0.004794207536322333,0.0018599360751665088,0.005935032236034642
nucleus_texture_feature_1_mean_Robust_Kurtosis,0.007136096486455758,0.0014466170308947764,0.003446376428887103
nucleus_texture_feature_1_sd_Average,0.0028303601764104024,0.0023586107984070264,0.001589982859789773
nucleus_texture_feature_1_sd_Median,0.0029827213741064076,0.004269952778574355,0.0017330484069986835
nucleus_texture_feature_1_sd_Inter_Quartile_Range,0.0025788708878738045,0.008429889041168297,0.0025280784968421794
nucleus_texture_feature_1_sd_Robust_Skewness,0.0024329725228166106,0.006304151287934035,0.0019709328164331553
nucleus_texture_feature_1_sd_Robust_Kurtosis,0.01022116068606218,0.0007912903353519032,0.00373056107689586
nucleus_texture_feature_2_mean_Average,0.004479981431928768,0.004819664155441644,0.003171642268623437
nucleus_texture_feature_2_mean_Median,0.002520429169764923,0.0038371721363642365,0.0006492973167143239
nucleus_texture_feature_2_mean_Inter_Quartile_Range,0.003998880106675714,0.002557640549951774,0.004005717218668373
nucleus_texture_feature_2_mean_Robust_Skewness,0.0017553530210012607,0.003502633599242445,0.007507949456504318
nucleus_texture_feature_2_mean_Robust_Kurtosis,0.006078008168845451,0.002285536718786925,0.003009895585135782
nucleus_texture_feature_2_sd_Average,0.0008691773299872589,0.0034522223156253327,0.00022977151839599443
nucleus_texture_feature_2_sd_Median,0.0029954431992490803,0.0008227657090631588,0.0029115420266217617
nucleus_texture_feature_2_sd_Inter_Quartile_Range,0.0043648005845228575,0.0027894200784243945,0.005417557781522402
nucleus_texture_feature_2_sd_Robust_Skewness,0.005559749583254356,0.0021705586116810235,0.00440889858151547
nucleus_texture_feature_2_sd_Robust_Kurtosis,0.008592209397505084,0.003336745821941306,0.004533976697292407
nucleus_texture_feature_3_mean_Average,0.0030359877030843962,0.0029872367111380593,0.002496696359603938
nucleus_texture_feature_3_mean_Median,0.001274290457946946,0.002487759915940391,0.00130185350518141
nucleus_texture_feature_3_mean_Inter_Quartile_Range,0.0034070968298125937,0.0012670367159007376,0.0030454170184684055
nucleus_texture_feature_3_mean_Robust_Skewness,0.0056348360758973455,0.00580728957408143,0.006777243978322563
nucleus_texture_feature_3_mean_Robust_Kurtosis,0.002421178871141945,0.003115256194307586,0.00883519908735238
nucleus_texture_feature_3_sd_Average,0.003464833140096197,0.0014061792897455184,0.0026370007248881396
nucleus_texture_feature_3_sd_Median,0.004144621652208433,0.0017040594864582775,0.002691022099883055
nucleus_texture_feature_3_sd_Inter_Quartile_Range,0.0021306359138116883,0.004487235780434998,0.005874977404022656
nucleus_texture_feature_3_sd_Robust_Skewness,0.0018802914656729838,0.004170574694456531,0.002718126362405896
nucleus_texture_feature_3_sd_Robust_Kurtosis,0.0030963281878056952,0.0021475720841860947,0.0024293280738617944
nucleus_texture_feature_4_mean_Average,0.0023798251702565726,0.003006425910990816,0.0009779651240527992
nucleus_texture_feature_4_mean_Median,0.001996929914404201,0.0034480386793238095,0.001169769679557657
nucleus_texture_feature_4_mean_Inter_Quartile_Range,0.0007176670345056636,0.0026383763423812384,0.0013812401813107034
nucleus_texture_feature_4_mean_Robust_Skewness,0.008475690760473154,0.003991666901250671,0.004559066574038144
nucleus_texture_feature_4_mean_Robust_Kurtosis,0.005123935263576835,0.0025872277979286217,0.007489494882223598
nucleus_texture_feature_4_sd_Average,0.0011222178643343534,0.0031726236757188856,0.00045700073903127004
nucleus_texture_feature_4_sd_Median,0.0028260427351236117,0.001343672284439262,0.0005784382069068721
nucleus_texture_feature_4_sd_Inter_Quartile_Range,0.002530323932245553,0.003082793065543674,0.0027115635362323877
nucleus_texture_feature_4_sd_Robust_Skewness,0.003287998605292118,0.0022650362798491354,0.007284573980885235
nucleus_texture_feature_4_sd_Robust_Kurtosis,0.001887018468761178,0.004994924732034011,0.006130470754434628
nucleus_texture_feature_5_mean_Average,0.005135613300622507,0.0022599677161719046,0.0005008601368414265
nucleus_texture_feature_5_mean_Median,0.00137524108440679,0.003642125819503067,0.0009812293026803451
nucleus_texture_feature_5_mean_Inter_Quartile_Range,0.002718564273974227,0.002431990918518435,0.0016563548489844893
nucleus_texture_feature_5_mean_Robust_Skewness,0.013863052184686926,0.010521728755947363,0.0072614184956045205
nucleus_texture_feature_5_mean_Robust_Kurtosis,0.003453260767143961,0.003032339936464901,0.005835519358360284
nucleus_texture_feature_5_sd_Average,0.0015183015491416233,0.0016775724341360763,0.004136186487064517
nucleus_texture_feature_5_sd_Median,0.0016598738239024472,0.007891720318099225,0.0010516573575462653
nucleus_texture_feature_5_sd_Inter_Quartile_Range,0.0023834218524271212,0.0026197515976487122,0.0022683145045139575
nucleus_texture_feature_5_sd_Robust_Skewness,0.005916947396294772,0.0029572593825890046,0.0013594500990190789
nucleus_texture_feature_5_sd_Robust_Kurtosis,0.003838844701335555,0.002194721296052284,0.0051661453602327165
nucleus_texture_feature_6_mean_Average,0.002332008071701952,0.0006943346121549019,0.0019075445041716963
nucleus_texture_feature_6_mean_Median,0.000747172674287006,0.0031101436094612394,0.0009782461283857557
nucleus_texture_feature_6_mean_Inter_Quartile_Range,0.0030732191646902773,0.0024556167830102273,0.0019153043192307307
nucleus_texture_feature_6_mean_Robust_Skewness,0.004569378156022653,0.006006915282382,0.0036126628611454835
nucleus_texture_feature_6_mean_Robust_Kurtosis,0.003167100652001498,0.0021367162323673063,0.00588535896750326
nucleus_texture_feature_6_sd_Average,0.0014892975369274375,0.0019203038450798565,0.0006069998642364547
nucleus_texture_feature_6_sd_Median,0.0011698492375925656,0.001976176098805835,0.0018376754613889524
nucleus_texture_feature_6_sd_Inter_Quartile_Range,0.002243380803315928,0.0031998128604149513,0.005140475780274228
nucleus_texture_feature_6_sd_Robust_Skewness,0.00563748313180941,0.004499327888004212,0.013665041319183948
nucleus_texture_feature_6_sd_Robust_Kurtosis,0.004572035910001379,0.004469693329300136,0.0016118185951228656
nucleus_texture_feature_7_mean_Average,0.0020584675700768894,0.004833790123504419,0.0023980357962767778
nucleus_texture_feature_7_mean_Median,0.0005745033528392395,0.003977280627101009,0.0012685727026116084
nucleus_texture_feature_7_mean_Inter_Quartile_Range,0.0041580463171566814,0.001989140948278595,0.003164674720874244
nucleus_texture_feature_7_mean_Robust_Skewness,0.0030639327735874594,0.010645109432241374,0.004059788896902734
nucleus_texture_feature_7_mean_Robust_Kurtosis,0.0018048905002136311,0.01004733914309453,0.005130017784005196
nucleus_texture_feature_7_sd_Average,0.0016788769599769876,0.0009075603516775524,0.0025303276262940797
nucleus_texture_feature_7_sd_Median,0.0006774512613514579,0.004359006094028156,0.0016026135202122243
nucleus_texture_feature_7_sd_Inter_Quartile_Range,0.0029758605089357294,0.0019930773611086987,0.008170855207367716
nucleus_texture_feature_7_sd_Robust_Skewness,0.009766442934426278,0.013079418711609675,0.0033368440875017
nucleus_texture_feature_7_sd_Robust_Kurtosis,0.003295902234105375,0.005506581754333992,0.0024101817810568676
nucleus_texture_feature_8_mean_Average,0.0022559067930102723,0.005584707747782171,0.0007005982812713557
nucleus_texture_feature_8_mean_Median,0.0013259063107747776,0.0038951565335813587,0.002948381522823627
nucleus_texture_feature_8_mean_Inter_Quartile_Range,0.002055607940641813,0.0016837787560482801,0.003449590121239118
nucleus_texture_feature_8_mean_Robust_Skewness,0.002212787373964272,0.003950017178696501,0.009837449874856291
nucleus_texture_feature_8_mean_Robust_Kurtosis,0.005189071212051905,0.006618346467122567,0.003352909567324142
nucleus_texture_feature_8_sd_Average,0.00046652989262224547,0.0037896213684162606,0.0015780271120589614
nucleus_texture_feature_8_sd_Median,0.00013778099073740292,0.009255089858423859,0.001079697789730923
nucleus_texture_feature_8_sd_Inter_Quartile_Range,0.001087789339942245,0.005268807530708512,0.004420741877568318
nucleus_texture_feature_8_sd_Robust_Skewness,0.006389560897403562,0.0025128657904665798,0.011127540362279713
nucleus_texture_feature_8_sd_Robust_Kurtosis,0.005947732268986511,0.014046156594044252,0.003863312531011582
nucleus_texture_feature_9_mean_Average,0.0031678441051244967,0.003364661547136807,0.0011749529032708326
nucleus_texture_feature_9_mean_Median,0.002240904767283148,0.004834477890319064,0.002016894814542661
nucleus_texture_feature_9_mean_Inter_Quartile_Range,0.0016569442036989488,0.004317868648774405,0.003623972068835463
nucleus_texture_feature_9_mean_Robust_Skewness,0.0068909768364125365,0.007239045890648209,0.011549870406606957
nucleus_texture_feature_9_mean_Robust_Kurtosis,0.0024904027916255863,0.004724095916524301,0.008056894106589142
nucleus_texture_feature_9_sd_Average,0.003318019892524157,0.0009794110338872278,0.001982749043062185
nucleus_texture_feature_9_sd_Median,0.0026911668573926534,0.0039341379570819604,0.0029845627017032745
nucleus_texture_feature_9_sd_Inter_Quartile_Range,0.004435695502985364,0.00525385427160503,0.001968081438349177
nucleus_texture_feature_9_sd_Robust_Skewness,0.006299216795357021,0.005227038760618193,0.00914592529167245
nucleus_texture_feature_9_sd_Robust_Kurtosis,0.00818909267613234,0.004649088500742273,0.0030491655633933636
bin_1,0.0022314672320071123,0.005077457573835379,0.0035228789327774383
bin_2,0.0018355033097335386,0.004340144801455302,0.004519814897364179
bin_3,0.0059149222333160275,0.001841008620513504,0.002206461105246993
bin_4,0.000990787495763932,0.006894184064558686,0.005636187957057842
bin_5,0.0021071966102733323,0.0026030311380281714,0.0029852206451203467
bin_6,0.00392004169076309,0.004519429103455394,0.0046221655544130165
bin_7,0.003055810471964576,0.006569920483407115,0.002273231781122604
bin_8,0.0009299997481255891,0.006958591412974321,0.003823548782649431
