,accuracy,precision,recall,f1score,AUC,AP
ABCA6,0.6219512195121951,0.6138581652569941,0.6056763285024154,0.6049728049728049,0.6080917874396135,0.6345401384910494
ABCC2---Cluster1,0.7317073170731707,0.5726351351351351,0.5346774193548387,0.5262605042016807,0.5830645161290322,0.39750484414832987
ACAP1,0.5975609756097561,0.5522727272727272,0.5436432637571157,0.5400305966343703,0.6015180265654649,0.7288908200186706
ACOT2,0.7682926829268293,0.6571428571428571,0.6102756892230576,0.6221198156682026,0.6265664160401002,0.43018879868194093
ACP5---Cluster1,0.6951219512195121,0.5797619047619048,0.5493736182756079,0.5459579180509413,0.6919675755342667,0.4627510773997152
ACSS1,0.6707317073170732,0.5533936651583711,0.5446969696969697,0.5458461538461539,0.5325757575757576,0.34947723684203
ADCY5---Cluster1,0.7926829268292683,0.6369047619047619,0.6144278606965174,0.6231413895647473,0.7164179104477612,0.3501868796172301
AJAP1---Cluster1,0.573170731707317,0.49242424242424243,0.4932659932659933,0.4906832298136646,0.5185185185185185,0.3384876113897102
AKD1---Cluster1,0.5975609756097561,0.6098484848484849,0.586463923673226,0.56931402196403,0.652355396541443,0.6196683249274054
AKR7L---Cluster1,0.5121951219512195,0.48897058823529416,0.48846153846153845,0.48750000000000004,0.5326923076923076,0.6633261269943354
ALDOC---Cluster1,0.6951219512195121,0.4442586399108138,0.4474789915966386,0.4457961611246283,0.3581932773109244,0.16372377599342708
ALOX5AP,0.6463414634146342,0.5424242424242425,0.5437158469945355,0.542955986930617,0.6588602654176424,0.852397164864948
AMBP---Cluster1,0.6829268292682927,0.6717741935483872,0.6331249999999999,0.6339285714285714,0.66875,0.6539686487978572
ANAPC13---Cluster1,0.7804878048780488,0.7027777777777777,0.6177419354838709,0.6328358208955225,0.5685483870967741,0.40032658254140924
ANGPTL1,0.573170731707317,0.5215488215488215,0.5211640211640212,0.5212677231025855,0.48544973544973546,0.671883567822772
AOAH,0.6463414634146342,0.415273132664437,0.4340277777777778,0.42323550812515165,0.4895833333333333,0.8090251084602943
APOBEC3C,0.5975609756097561,0.5980861244019139,0.5975609756097562,0.5970215934475056,0.6299821534800714,0.6668159420881677
APOH---Cluster1,0.5487804878048781,0.5288288288288288,0.5344827586206897,0.517109660989973,0.5560344827586207,0.7909273890471389
AQP1---Cluster1,0.7804878048780488,0.6297619047619047,0.603219696969697,0.6123949579831933,0.6666666666666666,0.47234174010300517
ATRNL1---Cluster2,0.5365853658536586,0.4236111111111111,0.44179894179894175,0.42593957258658804,0.42063492063492064,0.3170919139260774
B3GNT3---Cluster1,0.6707317073170732,0.6203007518796992,0.5952380952380952,0.5973813420621931,0.623015873015873,0.44054657305969697
B3GNT8,0.5365853658536586,0.5227963525835866,0.5231910946196661,0.522671568627451,0.5299938157081014,0.4553656232539852
BATF---Cluster1,0.6707317073170732,0.5751131221719457,0.5596264367816092,0.5609756097560976,0.6429597701149425,0.819697623174255
BDKRB2---Cluster2,0.6585365853658537,0.5540322580645161,0.5507575757575758,0.5519125683060109,0.5151515151515151,0.29784235815435584
BMP4---Cluster2,0.6219512195121951,0.5273224043715847,0.5251436781609196,0.5253034547152193,0.5057471264367817,0.3510500658536536
BST2---Cluster2,0.6341463414634146,0.6246134817563389,0.6224924012158055,0.6231617647058824,0.6364741641337386,0.7048461473771753
C10orf81,0.6707317073170732,0.4640151515151515,0.4621890547263681,0.4630123696337618,0.4308457711442786,0.18223974857684744
C10orf99,0.524390243902439,0.4757575757575757,0.4769230769230769,0.4756517461878997,0.4634615384615385,0.6545326806363988
C14orf132---Cluster1,0.5975609756097561,0.5933908045977012,0.5780780780780781,0.5693140219640299,0.6156156156156156,0.6041954226564159
C16orf54---Cluster1,0.7073170731707317,0.6199095022624435,0.5976418570375829,0.603225806451613,0.6669123065585851,0.8222752228600277
C17orf57---Cluster1,0.4634146341463415,0.45105105105105103,0.4484503478810879,0.4473039215686274,0.4851359898798229,0.6704846526587215
C17orf62---Cluster2,0.7195121951219512,0.7298387096774194,0.6762523191094619,0.6794152643209247,0.6938775510204082,0.7253436659404244
C1QL1---Cluster2,0.6097560975609756,0.6194528875379939,0.618018018018018,0.6095238095238096,0.6186186186186187,0.5469320443953832
C1S---Cluster2,0.7195121951219512,0.594047619047619,0.5616705698672911,0.5637288919731668,0.5487900078064012,0.7737606722274392
C2---Cluster1,0.573170731707317,0.5028735632183908,0.5026936026936026,0.5019954884608712,0.5454545454545454,0.7452645545780061
C22orf45---Cluster1,0.8048780487804879,0.6342857142857142,0.5701492537313433,0.5800256081946222,0.7044776119402985,0.4239026130873957
C2orf18---Cluster2,0.573170731707317,0.48383838383838385,0.48064516129032253,0.4780869248954356,0.43629032258064515,0.7162804053054989
C3---Cluster1,0.6585365853658537,0.651063829787234,0.651063829787234,0.651063829787234,0.7209726443768997,0.783932771697086
C4orf6,0.5609756097560976,0.53865182436611,0.5395319418089817,0.5387500000000001,0.5540796963946869,0.4838159224847849
C6orf150---Cluster1,0.524390243902439,0.4950980392156863,0.4946127946127946,0.4910074805029444,0.5851851851851851,0.43946860382388464
C9orf167---Cluster1,0.7195121951219512,0.3881578947368421,0.45384615384615384,0.4184397163120567,0.3855203619909502,0.19153014334742322
CALML4,0.5609756097560976,0.5568181818181819,0.5573671497584541,0.5567567567567568,0.5247584541062802,0.4926990951687252
CAPN12---Cluster2,0.5609756097560976,0.48951612903225805,0.4916666666666667,0.4821052631578948,0.45641025641025645,0.43207624370244535
CAPN6,0.6341463414634146,0.5459770114942528,0.5484848484848485,0.5467943994104643,0.6712121212121211,0.40542772159618
CARD14,0.5487804878048781,0.5471079308288611,0.5472488038277512,0.5470965815793402,0.5807416267942583,0.6869862164401039
CASP8---Cluster2,0.573170731707317,0.5625,0.5620060790273557,0.5621662852784134,0.625531914893617,0.6823056362279968
CCDC109B---Cluster1,0.6707317073170732,0.5350378787878788,0.5288836846213896,0.52883592253671,0.6120218579234973,0.3318075933473992
CCDC135,0.7926829268292683,0.5426179604261796,0.5333333333333333,0.5357975357975358,0.7166666666666667,0.9416036086791139
CCDC8---Cluster1,0.7560975609756098,0.6888888888888889,0.603030303030303,0.6117424242424242,0.6507575757575758,0.8109828218047326
CCDC8---Cluster2,0.5609756097560976,0.5696048632218844,0.5687687687687688,0.5607142857142857,0.5651651651651651,0.5201875024930875
CCL15,0.7073170731707317,0.5862903225806452,0.5928819444444444,0.5889724310776941,0.5902777777777778,0.37551073358437004
CCL20---Cluster2,0.7195121951219512,0.5890151515151515,0.5785296574770259,0.582281284606866,0.5781119465329991,0.8351079404226533
CCR1,0.573170731707317,0.5715563506261181,0.5717703349282297,0.5715778474399165,0.618421052631579,0.6581316688066616
CCR7,0.5,0.4777365491651206,0.4775,0.47754467754467744,0.479375,0.3868378592389359
CCR8,0.6463414634146342,0.4725378787878788,0.4757727652464494,0.47331118493909186,0.517126148705096,0.8100239165564054
CD2,0.6219512195121951,0.6244019138755981,0.624031007751938,0.6218949873568347,0.6052474657125819,0.574787474256266
CD27,0.5975609756097561,0.5225694444444444,0.5169160702667535,0.507910529187125,0.5731945348080677,0.705014851759914
CD3D---Cluster1,0.524390243902439,0.4911448450347881,0.49102564102564106,0.4910074805029445,0.491025641025641,0.6553761404545033
CD3G---Cluster2,0.6585365853658537,0.5756056808688388,0.5635087719298245,0.5651515151515152,0.6112280701754386,0.7726359090814259
CD40,0.7195121951219512,0.517910447761194,0.51890756302521,0.5182630906768838,0.49789915966386555,0.17741007723244834
CD6---Cluster1,0.6341463414634146,0.4656716417910448,0.4730679156908665,0.4661458333333333,0.5222482435597189,0.7608173410133326
CD96---Cluster1,0.7560975609756098,0.6437810945273632,0.620718462823726,0.6289592760180995,0.695906432748538,0.8818591704071639
CDC42BPA,0.6829268292682927,0.665948275862069,0.6443749999999999,0.6474867724867726,0.721875,0.6312596645601106
CDH17---Cluster1,0.6829268292682927,0.4742081447963801,0.4682274247491639,0.4696517412935323,0.5005574136008918,0.8746406851466378
CDSN,0.5853658536585366,0.5813397129186603,0.5821256038647343,0.5813813813813814,0.6485507246376812,0.7439332387979621
CEBPE---Cluster2,0.7439024390243902,0.7334770114942528,0.7055660974067046,0.7127606338615513,0.7779886148007591,0.8326035000681034
CENPBD1,0.6219512195121951,0.5273224043715847,0.5251436781609196,0.5253034547152193,0.5718390804597702,0.3661241026001763
CES3---Cluster1,0.5853658536585366,0.471969696969697,0.471969696969697,0.471969696969697,0.49772727272727274,0.7286346981730735
CHAF1B,0.5365853658536586,0.5075000000000001,0.5076923076923077,0.5072738772928527,0.5653846153846154,0.44314460226049457
CHST3---Cluster1,0.6097560975609756,0.5488215488215489,0.5508771929824561,0.5494505494505494,0.5614035087719298,0.777640632144303
CHST4---Cluster1,0.6463414634146342,0.5659340659340659,0.5749414519906323,0.5675577377705038,0.5807962529274004,0.8031603627578003
CIB2,0.5975609756097561,0.46590909090909094,0.462406015037594,0.46341463414634143,0.5020885547201337,0.28704145479707616
CLCN6---Cluster3,0.7317073170731707,0.4976190476190476,0.49789915966386555,0.49721293199554073,0.5252100840336135,0.19582047819106657
CLDN19,0.573170731707317,0.5683111954459203,0.5645933014354066,0.5621662852784134,0.5484449760765551,0.5649087169299749
CLEC2D---Cluster1,0.5365853658536586,0.539828431372549,0.5386904761904762,0.5340909090909091,0.5964285714285714,0.5988479559941797
CLEC3B---Cluster2,0.6707317073170732,0.6487179487179486,0.6467425679949399,0.6476205634251153,0.693864642631246,0.5901394597913174
COX6A2---Cluster1,0.7195121951219512,0.7204204204204204,0.718452380952381,0.7184654426033736,0.7291666666666667,0.7592712248213369
CPEB4---Cluster1,0.7439024390243902,0.6864253393665158,0.6479885057471264,0.6585365853658537,0.7011494252873564,0.5495436070317129
CRTAM,0.573170731707317,0.5028735632183908,0.5026936026936026,0.5019954884608712,0.5562289562289562,0.7038361253012002
CTSE,0.43902439024390244,0.45414294750158124,0.45592705167173253,0.43768634466308887,0.4972644376899696,0.5665610406662608
CTSF,0.524390243902439,0.4782456140350877,0.480625,0.4756517461878997,0.510625,0.4343903113473133
CTSZ---Cluster1,0.5,0.4969806763285024,0.4970184853905784,0.4963295880149813,0.5676803816338699,0.6455696451214437
CUBN,0.6585365853658537,0.567420814479638,0.552280701754386,0.5519125683060109,0.6217543859649124,0.5079024755282784
CXCL5---Cluster1,0.5121951219512195,0.5018422991893884,0.5014907573047107,0.4813409234661607,0.5450208706022659,0.5296107692258429
CXCL6,0.573170731707317,0.5638736263736264,0.5558558558558558,0.5489548954895489,0.6114114114114114,0.5656324107154502
CXCR6,0.6707317073170732,0.5095486111111112,0.5099547511312217,0.5096345514950166,0.5239819004524887,0.8082579506048959
CYP4X1---Cluster1,0.7560975609756098,0.6955223880597015,0.6448047162859248,0.6574770258980784,0.7133382461311717,0.48066929380234324
DAK---Cluster2,0.6341463414634146,0.6375598086124402,0.6375598086124402,0.6341463414634148,0.6584928229665072,0.6608223262021078
DAND5---Cluster2,0.6585365853658537,0.6609195402298851,0.6352657004830917,0.632051282051282,0.6123188405797102,0.6308170743769757
DAPP1,0.6097560975609756,0.5048387096774194,0.5043103448275862,0.5030303030303029,0.6264367816091954,0.8367652895795954
DCAF12L1,0.5121951219512195,0.47625,0.4748677248677249,0.47435897435897434,0.5026455026455027,0.7065019671674522
DDAH2---Cluster2,0.6097560975609756,0.4971590909090909,0.49793956043956045,0.4879000780640125,0.5068681318681318,0.3253271341223965
DDX43,0.4634146341463415,0.40343915343915343,0.40343915343915343,0.40343915343915343,0.41865079365079366,0.6316377623750851
DGKA---Cluster1,0.47560975609756095,0.4722222222222222,0.4725700655933214,0.4717602996254681,0.4609421586165772,0.48886629714215685
DOK2,0.5975609756097561,0.5841063698206554,0.5833333333333333,0.5836282505000769,0.6004901960784315,0.46178276615308206
DPP4,0.7195121951219512,0.6859649122807017,0.6752645502645502,0.6794152643209247,0.7394179894179895,0.6096588600481093
EFCAB4B,0.45121951219512196,0.45675675675675675,0.4565217391304348,0.45113788487282463,0.4758454106280193,0.5676406330114732
EFEMP1---Cluster1,0.5121951219512195,0.5077751196172249,0.5078502415458936,0.5075075075075075,0.5120772946859903,0.5717812396839533
EFS---Cluster1,0.573170731707317,0.5699760765550239,0.5702702702702702,0.5700374531835206,0.6168168168168169,0.7002130001217628
ESPN---Cluster2,0.7317073170731707,0.4972129319955407,0.4972129319955407,0.4972129319955407,0.4024526198439242,0.18978739321694346
ESRP1---Cluster1,0.6707317073170732,0.5099547511312217,0.5095486111111112,0.5096345514950166,0.5659722222222222,0.8085667937300094
ETV7---Cluster1,0.4268292682926829,0.40145502645502645,0.41051051051051046,0.40108780108780107,0.43663663663663665,0.39739619164727913
EVL---Cluster1,0.6219512195121951,0.6097883597883598,0.6009118541033435,0.6005029074336006,0.5945288753799393,0.6748328813185707
EXTL2,0.5975609756097561,0.5303030303030303,0.5323275862068966,0.5304528891202499,0.5380747126436781,0.7718802364841789
FAM107A,0.5487804878048781,0.5487804878048781,0.5488095238095239,0.5487133720065448,0.5345238095238095,0.5516766753683019
FAM113B,0.5975609756097561,0.5079022988505747,0.5081061164333087,0.5079105291871249,0.5600589535740604,0.7786704861545897
FANCE---Cluster1,0.5975609756097561,0.5944976076555024,0.5948948948948949,0.5946067415730337,0.6144144144144144,0.6786434638400872
FASLG,0.524390243902439,0.46108597285067876,0.47365196078431376,0.4450806871421135,0.5582107843137255,0.713474241554394
FBXO27,0.5365853658536586,0.5009487666034156,0.5009759271307742,0.5006410256410256,0.5302537410540014,0.4063448251076736
FGF11---Cluster1,0.7560975609756098,0.4733637747336378,0.4804905239687849,0.47503201024327785,0.6243032329988852,0.9183602241857289
FMO2,0.7195121951219512,0.7005208333333333,0.6502927781392323,0.657028550645572,0.6818477553675992,0.5954667287623138
FSTL1---Cluster1,0.5487804878048781,0.5456456456456455,0.5454545454545454,0.5454681647940074,0.5747607655502392,0.6006938865403446
GALNT5---Cluster1,0.5365853658536586,0.5217948717948717,0.5205314009661836,0.518243661100804,0.519927536231884,0.5073897529021958
GLIPR1L2---Cluster2,0.7073170731707317,0.4488095238095238,0.45483193277310924,0.45150501672240806,0.5409663865546219,0.20909872612770408
GPR37---Cluster1,0.5121951219512195,0.47531319086219603,0.4796352583586626,0.4664931685100846,0.4875379939209727,0.577566901422194
GPR39---Cluster1,0.5975609756097561,0.5841063698206554,0.5833333333333333,0.5836282505000769,0.5833333333333334,0.511691581586848
GPR55---Cluster2,0.6219512195121951,0.5862068965517242,0.5759013282732448,0.5759799833194328,0.6546489563567361,0.759341833821052
GPR56---Cluster1,0.8414634146341463,0.7163892445582587,0.6775210084033614,0.6932374100719425,0.6302521008403361,0.42812291685163356
GPX7---Cluster1,0.6097560975609756,0.3424657534246575,0.423728813559322,0.3787878787878788,0.5880619012527635,0.3098555392780412
GRAP2,0.5975609756097561,0.5757894736842105,0.5661764705882353,0.5631961259079903,0.5931372549019608,0.6833877237399427
GSG1---Cluster2,0.4268292682926829,0.40006325110689434,0.40318627450980393,0.4010878010878011,0.4227941176470588,0.3627918641909455
GSTP1---Cluster1,0.5609756097560976,0.5495495495495495,0.5521821631878558,0.5477941176470589,0.5066413662239089,0.363649254509787
GSTT1,0.7317073170731707,0.5295238095238095,0.5129490392648287,0.4972129319955407,0.6599832915622389,0.34677918319307977
GZMK,0.6585365853658537,0.5651515151515152,0.5651515151515152,0.5651515151515152,0.5954545454545455,0.7731765467576031
HABP2---Cluster2,0.6341463414634146,0.44302176696542894,0.4672070744288872,0.4434389140271493,0.5187914517317613,0.7408243904633679
HDAC11---Cluster2,0.5853658536585366,0.510989010989011,0.5114942528735632,0.5108771929824562,0.5668103448275862,0.7604811905931624
HIST1H2BJ---Cluster2,0.4146341463414634,0.4148550724637681,0.41607142857142854,0.4132379248658319,0.4244047619047619,0.45485712646935034
HIST3H2A---Cluster1,0.524390243902439,0.5178890876565295,0.5192307692307692,0.5121281464530892,0.5762820512820512,0.4087633912335195
HLA-DOB,0.5609756097560976,0.5619047619047619,0.562200956937799,0.5607142857142857,0.5723684210526316,0.5967176182410054
HLA-DPB1---Cluster1,0.573170731707317,0.5044215180545321,0.503968253968254,0.501995488460871,0.46494708994709,0.3937519181440754
HNF4G,0.5853658536585366,0.5602564102564103,0.5587500000000001,0.5591397849462365,0.558125,0.4663153067814719
HOXA11AS---Cluster2,0.6585365853658537,0.6196491228070176,0.6109303838646715,0.6134680134680135,0.5933636955107353,0.695173353634768
HOXA7---Cluster2,0.5487804878048781,0.5482374768089053,0.5464285714285715,0.5432786391690502,0.6386904761904763,0.6387656385557603
HOXA9---Cluster1,0.6585365853658537,0.454726368159204,0.45882352941176474,0.456439393939394,0.4968325791855204,0.22296721313301698
HOXB2---Cluster1,0.6097560975609756,0.5794871794871794,0.5794871794871794,0.5794871794871794,0.6275641025641026,0.5671993851875792
HOXB8---Cluster1,0.573170731707317,0.5807416267942584,0.5834879406307978,0.5715778474399165,0.5943104514533086,0.48829063127043726
HPD---Cluster2,0.7073170731707317,0.5809523809523809,0.531319086219602,0.5104477611940299,0.6293294030950626,0.4469671599542603
HRASLS,0.6219512195121951,0.5741608118657299,0.5608974358974359,0.5589102897796286,0.5897435897435896,0.417301216046849
HRASLS2,0.7195121951219512,0.5015220700152208,0.5008680555555556,0.490132468234658,0.5355902777777778,0.2952025737641082
HSD17B13---Cluster1,0.6463414634146342,0.6145833333333333,0.5765338393421885,0.5675577377705038,0.6223908918406071,0.5734641219453004
HSD17B7P2---Cluster1,0.524390243902439,0.4617486338797814,0.469375,0.4563997960224375,0.468125,0.4013406865055438
ICA1---Cluster2,0.5609756097560976,0.4936026936026936,0.4933333333333333,0.49313186813186816,0.5052631578947369,0.31099542521188406
IFI16---Cluster2,0.6463414634146342,0.6044277360066834,0.5801282051282051,0.577994676131322,0.6051282051282051,0.6995501375441583
IFNGR2---Cluster1,0.6585365853658537,0.6585365853658537,0.6585365853658537,0.6585365853658537,0.6644854253420582,0.608306363165237
IL12RB2,0.573170731707317,0.5352941176470588,0.5238970588235294,0.501995488460871,0.5686274509803921,0.4609200862332202
IL17RE---Cluster3,0.7560975609756098,0.5518565941101152,0.5402985074626866,0.5429208472686734,0.591044776119403,0.8558573127953535
IL1R2,0.6219512195121951,0.6084558823529411,0.6094619666048238,0.6088629019849208,0.6672850958565244,0.7439668927494631
IL20RB,0.7195121951219512,0.6126893939393939,0.592896174863388,0.598638008086827,0.7236533957845432,0.8787482103489483
IL2RA---Cluster1,0.6707317073170732,0.5139303482587064,0.5112903225806452,0.5096345514950167,0.632258064516129,0.8690874966705245
IRF7---Cluster1,0.6463414634146342,0.49457013574660635,0.4951612903225806,0.4939348797616514,0.6169354838709677,0.8270132830943016
ISYNA1---Cluster1,0.573170731707317,0.478030303030303,0.47964912280701755,0.4780869248954356,0.4673684210526316,0.2870149093475857
ITIH1,0.7560975609756098,0.5880681818181819,0.5976890756302521,0.5920398009950248,0.6292016806722689,0.867625507671207
ITPRIP,0.6463414634146342,0.6471291866028708,0.6463414634146342,0.645867460908414,0.6650803093396788,0.7087107977380677
KAZALD1,0.5975609756097561,0.5774410774410774,0.5704656862745098,0.5693140219640299,0.5324754901960785,0.6271412190089068
KCNJ11---Cluster1,0.6707317073170732,0.5533936651583711,0.5446969696969697,0.5458461538461539,0.5507575757575758,0.7869123519854626
KLHL3,0.5365853658536586,0.5288461538461539,0.5269138755980861,0.522671568627451,0.47009569377990434,0.5668928628561849
KRT80---Cluster1,0.5487804878048781,0.5360531309297913,0.5344202898550725,0.5331589475303893,0.5809178743961353,0.6231757510904061
KRTCAP3,0.7439024390243902,0.4714285714285714,0.48579545454545453,0.46901017576318227,0.5085227272727273,0.21545881994044344
LAD1---Cluster1,0.5975609756097561,0.4175027870680045,0.4468390804597701,0.4241327942115344,0.6113505747126436,0.34894324461863424
LAMB3---Cluster1,0.6219512195121951,0.5358208955223881,0.5238095238095238,0.5114357101672112,0.5291005291005291,0.6760692267766476
LAMC2---Cluster1,0.524390243902439,0.5079656862745098,0.5080395794681509,0.5079242960455455,0.5392702535559678,0.48991029116806506
LBP,0.7073170731707317,0.4488095238095238,0.45483193277310924,0.45150501672240806,0.5021008403361344,0.8476316430333087
LCP1---Cluster1,0.5975609756097561,0.5975609756097562,0.5980861244019139,0.5970215934475056,0.6453349282296651,0.6779553889913924
LGALS3BP,0.6829268292682927,0.6759878419452887,0.6759878419452887,0.6759878419452887,0.6893617021276596,0.5637639577737564
LGALS4,0.6463414634146342,0.49900497512437814,0.49924242424242427,0.49393487976165146,0.5196969696969697,0.7489913976612369
LGI4---Cluster1,0.6585365853658537,0.5815972222222222,0.5645604395604396,0.5651515151515152,0.5961538461538463,0.7259086698598646
LIME1,0.7439024390243902,0.5448143405889885,0.5331439393939394,0.5344687753446877,0.5748106060606061,0.28744112096023555
LOC100233209,0.5975609756097561,0.5666666666666667,0.5544217687074829,0.5486238532110091,0.5256648113790972,0.6229757642266363
LOC388387---Cluster2,0.8048780487804879,0.7121848739495797,0.6753472222222222,0.6893939393939393,0.7430555555555555,0.520789637130983
LOC55908---Cluster2,0.5975609756097561,0.47970335675253706,0.4803030303030303,0.4799154334038055,0.5212121212121212,0.7570955998869909
LRFN4,0.4878048780487805,0.4878048780487805,0.48768768768768767,0.48658318425760283,0.4882882882882883,0.5459517616399658
LSP1---Cluster2,0.6219512195121951,0.6168753726893261,0.6225,0.6150234741784038,0.634375,0.7149726503472398
LTBP3---Cluster1,0.4268292682926829,0.3968421052631579,0.41208133971291866,0.39431085965739426,0.4210526315789474,0.4153097535211176
LTC4S,0.5,0.506006006006006,0.5060386473429952,0.4999256284396846,0.5108695652173914,0.5982647052734189
LY96,0.8048780487804879,0.6184379001280409,0.6031215161649944,0.6095238095238096,0.7435897435897435,0.9380806371827005
MAP4K2,0.6829268292682927,0.6147368421052631,0.6204863669859986,0.6170977011494253,0.6352247605011053,0.7815624722381519
MAP9---Cluster1,0.6585365853658537,0.5637435519528371,0.5675253708040593,0.5651515151515151,0.643247462919594,0.3358921767170296
MASP1---Cluster1,0.6829268292682927,0.573134328358209,0.5541635961680177,0.5547201336675021,0.6551215917464996,0.42783214304287587
MAT1A---Cluster1,0.6707317073170732,0.5959677419354839,0.5835087719298245,0.5865546218487394,0.632280701754386,0.7928835566249375
MFSD7---Cluster1,0.4878048780487805,0.46805819101834284,0.46930091185410333,0.4675324675324676,0.47720364741641336,0.591160108608966
MGAM---Cluster1,0.7195121951219512,0.5807291666666666,0.5841628959276018,0.582281284606866,0.6018099547511312,0.3613735682724942
MGAT1,0.6707317073170732,0.6252763448784082,0.6124338624338624,0.6158250910983862,0.6150793650793651,0.7322349886130843
MOBKL2A,0.6463414634146342,0.5685335298452469,0.5668103448275862,0.5675577377705037,0.5905172413793104,0.7400520718358277
MT1E---Cluster1,0.5609756097560976,0.5175644028103045,0.5139146567717996,0.5030303030303029,0.5219542362399505,0.523002890706493
NCKAP1L---Cluster1,0.5975609756097561,0.5084210526315789,0.509090909090909,0.507910529187125,0.5310606060606061,0.7576679311079275
NKG7,0.5975609756097561,0.5475806451612903,0.5373181530676787,0.5304528891202498,0.5338393421884883,0.6791717595164606
NPC1L1---Cluster1,0.5,0.4964114832535885,0.49639639639639643,0.49632958801498134,0.4810810810810811,0.4907369995560694
PAK6---Cluster1,0.524390243902439,0.4191919191919192,0.3958333333333333,0.4028011204481793,0.40451388888888884,0.7562045320627906
PAQR5,0.7317073170731707,0.6416040100250626,0.6323185011709602,0.6362903225806452,0.7330210772833724,0.5532264483235572
PDLIM4---Cluster1,0.7073170731707317,0.5873684210526315,0.6387959866220736,0.5889724310776943,0.7246376811594203,0.92468053024895
PDZK1IP1,0.7804878048780488,0.6123949579831933,0.6123949579831933,0.6123949579831933,0.6649159663865546,0.42466242596011894
PFKM,0.6097560975609756,0.4527310924369748,0.4676724137931034,0.4519632414369257,0.4849137931034483,0.7053806606592502
PIPOX---Cluster1,0.7317073170731707,0.5284280936454849,0.5253731343283582,0.5262605042016806,0.535323383084577,0.32100490846252694
PKIA---Cluster1,0.45121951219512196,0.45562310030395137,0.45633971291866027,0.4504839910647803,0.49820574162679426,0.5286385284079049
PKP3,0.6585365853658537,0.42023809523809524,0.4418402777777778,0.4288557213930348,0.46267361111111116,0.751585005380743
PLA2G12B---Cluster1,0.7560975609756098,0.6241319444444444,0.6354166666666667,0.6289592760180995,0.65625,0.37117932664436065
PLAC8,0.6829268292682927,0.537080405932865,0.5472636815920398,0.5373263888888888,0.5761194029850746,0.8515138740660355
POF1B---Cluster1,0.4634146341463415,0.4358001265022138,0.4372294372294372,0.43624999999999997,0.4242424242424243,0.3864332060511184
PPP1R14D---Cluster1,0.573170731707317,0.5028735632183908,0.5026936026936026,0.5019954884608712,0.5279461279461279,0.3558625053926583
PREPL---Cluster1,0.7560975609756098,0.6643247462919594,0.6758563074352548,0.6693548387096775,0.710108604845447,0.4787565404050955
PROM1---Cluster2,0.524390243902439,0.5012158054711247,0.5013227513227513,0.49740688354549745,0.5555555555555555,0.725536626007733
PTGER3---Cluster2,0.6951219512195121,0.45124378109452734,0.4416666666666667,0.4457961611246283,0.5571428571428572,0.1613435823346667
PTPN22,0.6463414634146342,0.6171112556929083,0.6153846153846154,0.6161420500403552,0.6467948717948718,0.743147909874323
PTPN7---Cluster1,0.6585365853658537,0.6227272727272727,0.6038461538461539,0.6057692307692307,0.6378205128205129,0.7268933064727144
PTPRC,0.573170731707317,0.5101483216237315,0.5083333333333333,0.501995488460871,0.5762820512820512,0.7291532645323376
PTPRCAP---Cluster1,0.5975609756097561,0.5919117647058824,0.5900900900900901,0.5901862789641072,0.606006006006006,0.6529157362372937
RASSF5---Cluster2,0.573170731707317,0.5059701492537314,0.5037499999999999,0.4780869248954355,0.484375,0.5742302647260457
RCAN2,0.5365853658536586,0.5199240986717267,0.5191489361702128,0.5182436611008041,0.5732522796352584,0.6521911972254415
RIPK3---Cluster2,0.5365853658536586,0.53125,0.5305023923444976,0.5295893719806763,0.5580143540669856,0.5866945471817775
RNF182---Cluster1,0.6341463414634146,0.5333333333333333,0.5158730158730158,0.4862155388471178,0.5621693121693122,0.487110047971732
RORC---Cluster1,0.7073170731707317,0.6287878787878788,0.5977011494252873,0.603225806451613,0.6982758620689656,0.5087034994638716
RPL39L---Cluster1,0.7073170731707317,0.48527528809218945,0.4895927601809955,0.4831932773109243,0.5864253393665159,0.2959629203670524
RUNX1,0.5609756097560976,0.5354586857514638,0.533704390847248,0.5332068311195446,0.5763760049474335,0.6779247533347014
S100A14,0.5975609756097561,0.5912698412698413,0.5828828828828829,0.5794871794871794,0.6540540540540541,0.6336248690630606
SCN3B---Cluster1,0.5121951219512195,0.5027027027027027,0.5027829313543599,0.5015197568389057,0.5102040816326531,0.4281194868216337
SDCBP2,0.47560975609756095,0.4713774597495528,0.47058823529411764,0.46921571579105825,0.4730392156862745,0.5915266734479756
SEPT1,0.6341463414634146,0.5597326649958229,0.5481481481481482,0.5467943994104643,0.5912457912457912,0.7371025910457875
SERPINF2---Cluster1,0.524390243902439,0.5290955091714105,0.5273809523809524,0.5185909980430529,0.55,0.5741270566358189
SFN---Cluster1,0.6463414634146342,0.6144845034788109,0.6197089947089947,0.6161420500403552,0.6078042328042328,0.7129120112972552
SIM1,0.5609756097560976,0.5658914728682171,0.5683364254792826,0.5586124401913876,0.5547309833024119,0.4609725598357798
SLA,0.5975609756097561,0.5346352247605011,0.531084656084656,0.5304528891202498,0.6732804232804233,0.8323426379315912
SLAMF7---Cluster1,0.5487804878048781,0.5480243161094225,0.5470238095238096,0.5454681647940075,0.5404761904761904,0.5116674388707734
SLC10A2,0.5975609756097561,0.5026041666666666,0.502020202020202,0.4946778711484594,0.5670033670033671,0.7295142747786975
SLC16A11,0.6951219512195121,0.625,0.6010526315789473,0.6059965404574283,0.6519298245614035,0.47549053788714446
SLC16A5---Cluster1,0.4878048780487805,0.4900900900900901,0.49016100178890876,0.48750000000000004,0.4937388193202147,0.5339368639365589
SLC17A1---Cluster1,0.7195121951219512,0.5653409090909092,0.5624434389140271,0.5637288919731668,0.6126696832579185,0.2871946456134579
SLC17A2,0.6341463414634146,0.5982142857142857,0.5916666666666667,0.5932539682539684,0.5557692307692308,0.6794769796286522
SLC1A7,0.3902439024390244,0.38998211091234347,0.3902439024390244,0.38988095238095233,0.42891136228435456,0.4604985848193569
SLC34A2---Cluster1,0.5609756097560976,0.5119047619047619,0.5119047619047619,0.5119047619047619,0.5813492063492064,0.46450270557408774
SLC44A4,0.5609756097560976,0.4991319444444444,0.499375,0.48210526315789476,0.5137499999999999,0.3962698478335714
SLC46A3---Cluster1,0.6341463414634146,0.5525210084033614,0.533068783068783,0.5199063231850117,0.6064814814814815,0.4531120259969914
SLC5A12,0.524390243902439,0.5121794871794871,0.5114114114114114,0.5079242960455455,0.4942942942942943,0.500260390768406
SLC6A18,0.5487804878048781,0.537037037037037,0.5336336336336336,0.5285159285159284,0.5051051051051051,0.5750954173675513
SLC6A19,0.6585365853658537,0.6600600600600601,0.6585365853658536,0.6577221228384019,0.6644854253420582,0.711563664114631
SLC6A3,0.7439024390243902,0.6429864253393665,0.6274193548387097,0.6335390508618856,0.6846774193548387,0.46244180800460594
SLFN12,0.5487804878048781,0.5472488038277512,0.5471079308288611,0.5470965815793402,0.6124031007751938,0.5855087042319121
SLPI---Cluster2,0.6097560975609756,0.5043103448275862,0.5048387096774194,0.5030303030303029,0.5774193548387097,0.8180790560496827
SNTB1---Cluster1,0.7073170731707317,0.5928819444444444,0.5862903225806452,0.5889724310776941,0.5814516129032258,0.8166191949215933
SNX33,0.7317073170731707,0.5888888888888889,0.5516129032258065,0.5512437810945273,0.6314516129032258,0.3538932681088146
SOX8,0.6585365853658537,0.5572263993316625,0.550478997789241,0.5519125683060109,0.5799557848194548,0.3201444263806724
SP140---Cluster1,0.6585365853658537,0.6308771929824561,0.6179633143580012,0.6203703703703705,0.6021505376344086,0.7162946331545614
SPON1,0.6219512195121951,0.4884453781512605,0.492280701754386,0.47856410256410253,0.5094736842105263,0.734660950454838
SRPX2---Cluster1,0.5853658536585366,0.5791062801932367,0.5791062801932367,0.5791062801932367,0.6503623188405797,0.5417011999406178
SULT1C4,0.6951219512195121,0.6024318349299926,0.6120967741935484,0.6059965404574285,0.6475806451612904,0.3796748061393436
SYK---Cluster3,0.5487804878048781,0.552536231884058,0.5518783542039356,0.5481757259865971,0.5539654144305307,0.5840540555342768
TAGAP---Cluster2,0.6219512195121951,0.6168750000000001,0.6123123123123123,0.6122044241037375,0.6318318318318319,0.603487534632417
TCN2,0.6707317073170732,0.646774193548387,0.6151170145477546,0.6158250910983862,0.6495888678051865,0.6259520632696511
THRSP,0.6097560975609756,0.5462121212121213,0.5403439153439153,0.5396491228070176,0.5046296296296297,0.6864039053848829
TM4SF18,0.8658536585365854,0.6652777777777779,0.6811263318112633,0.6725952813067151,0.84779299847793,0.4681609354811969
TM4SF19---Cluster1,0.6219512195121951,0.6195195195195196,0.6190191387559809,0.6191760299625468,0.6824162679425838,0.6989788056530273
TMEM149,0.7195121951219512,0.6805555555555556,0.64006734006734,0.6478057889822596,0.686868686868687,0.7769315619657885
TMEM173,0.6341463414634146,0.6303827751196172,0.6316425120772947,0.6306306306306306,0.6642512077294687,0.7329840961600568
TMEM200A,0.6097560975609756,0.6097560975609757,0.6108108108108108,0.608825283243888,0.6576576576576576,0.7467173405084906
TMEM25---Cluster1,0.7560975609756098,0.7111344537815126,0.6443965517241379,0.6574770258980787,0.7076149425287357,0.5234144175237255
TMEM92---Cluster2,0.7317073170731707,0.5253731343283582,0.5284280936454849,0.5262605042016806,0.5317725752508362,0.20703609994082853
TNFAIP8L2---Cluster2,0.6829268292682927,0.6887096774193548,0.6433823529411764,0.641077441077441,0.6593137254901961,0.7300164469369297
TNFRSF9,0.6463414634146342,0.5936890045543266,0.603448275862069,0.595784463708992,0.6056034482758621,0.7796549756106336
TNFSF8,0.6097560975609756,0.6097560975609757,0.6108108108108108,0.608825283243888,0.6420420420420421,0.685203268021335
TOB1---Cluster2,0.6951219512195121,0.5810359231411862,0.5782258064516128,0.5794871794871794,0.682258064516129,0.5015547980346858
TRAK1---Cluster1,0.7317073170731707,0.5027777777777778,0.5018939393939394,0.49721293199554073,0.5104166666666666,0.8264532596213672
TSPAN8,0.7682926829268293,0.599502487562189,0.6050420168067226,0.6020434227330779,0.5294117647058824,0.8219817766919324
TSPYL5---Cluster2,0.5853658536585366,0.5807990459153249,0.5837971552257266,0.5791062801932367,0.6493506493506493,0.5456253712337485
UGT3A1---Cluster1,0.5487804878048781,0.5086580086580087,0.5100574712643678,0.5025414002295457,0.4971264367816092,0.2898845044479932
UPK1B---Cluster1,0.4634146341463415,0.4521795705920625,0.4561717352415027,0.4473039215686274,0.48360166964818124,0.5178833454198862
VNN1---Cluster1,0.5853658536585366,0.5900735294117647,0.5875,0.5831339712918661,0.6357142857142857,0.6058725113951833
VNN2---Cluster1,0.5487804878048781,0.54,0.5384384384384384,0.5371472158657513,0.5399399399399398,0.6149339492638095
VTN---Cluster2,0.5853658536585366,0.5647058823529412,0.5434650455927051,0.5212912087912087,0.5817629179331307,0.5497119857357119
WAS,0.6463414634146342,0.6083271923360354,0.5942307692307692,0.595784463708992,0.6198717948717949,0.7188038134640945
WBP2NL---Cluster1,0.5853658536585366,0.3909502262443439,0.3993316624895572,0.39496527777777773,0.42272347535505433,0.19998829849159605
WIPF1,0.6219512195121951,0.5273224043715847,0.5251436781609196,0.5253034547152193,0.5984195402298851,0.7961478557754064
WISP3---Cluster1,0.5365853658536586,0.538647342995169,0.5380952380952381,0.5354800238521169,0.5821428571428572,0.5830645706889371
XDH,0.47560975609756095,0.4725700655933214,0.4722222222222222,0.4717602996254681,0.5042270531400966,0.5842529115059037
XK---Cluster1,0.5365853658536586,0.5412679425837321,0.5416666666666667,0.5363095238095239,0.5356280193236715,0.4892982198868686
XKR6---Cluster1,0.5975609756097561,0.4629032258064516,0.4640905542544887,0.46341463414634154,0.5628415300546448,0.3131485418758222
ZBED2---Cluster1,0.6463414634146342,0.6292892156862745,0.6334598355471222,0.6304584304584304,0.6894370651486401,0.7461284617238936
ZBTB32---Cluster1,0.5853658536585366,0.5183450429352068,0.5152895250487963,0.5108771929824562,0.4476252439817827,0.6219604407741302
ZFP37---Cluster1,0.7560975609756098,0.5464285714285715,0.5409663865546218,0.5429208472686734,0.5346638655462185,0.21548869596707013
ZNF132,0.7560975609756098,0.6840277777777778,0.6606060606060606,0.6693548387096775,0.6946969696969697,0.5103253717713564
ZNF134,0.5,0.4381868131868132,0.44144437215354587,0.4391993327773144,0.4313597918022121,0.33761774156263374
ZNF135,0.7439024390243902,0.6429864253393665,0.6274193548387097,0.6335390508618856,0.7338709677419354,0.5445046239760781
ZNF154---Cluster1,0.6219512195121951,0.6201771030993042,0.6136363636363636,0.6122044241037377,0.6578947368421052,0.7049700330922286
ZNF280B,0.4634146341463415,0.4636904761904762,0.4636904761904762,0.46341463414634143,0.5047619047619047,0.5774801107365465
ZNF415,0.7439024390243902,0.46790540540540543,0.4810945273631841,0.46901017576318227,0.690547263681592,0.33771207841365786
ZNF501---Cluster1,0.5853658536585366,0.4717741935483871,0.4748563218390805,0.47196969696969704,0.47198275862068967,0.2968219202661555
ZNF502,0.7317073170731707,0.4976190476190476,0.49789915966386555,0.49721293199554073,0.5220588235294118,0.18945197759349225
ZNF542---Cluster2,0.7926829268292683,0.7404761904761905,0.6576893052302888,0.6775387462410364,0.7486338797814207,0.5274138696665347
ZNF577,0.6463414634146342,0.5856060606060606,0.5760942760942761,0.5779946761313222,0.6296296296296295,0.7841376776888265
ZNF606,0.8292682926829268,0.6285714285714286,0.5551839464882944,0.5631659056316591,0.6733556298773691,0.35986053940728935
ZNF662,0.5365853658536586,0.5249249249249249,0.5262492093611638,0.522671568627451,0.603415559772296,0.7135839916066041
ZNF671,0.8170731707317073,0.7023047375160051,0.6496212121212122,0.667477696674777,0.7121212121212122,0.5009345565819978
ZNF677---Cluster1,0.6951219512195121,0.5651041666666666,0.56265664160401,0.5637369653117684,0.683375104427736,0.3587776429560899
ZNF781---Cluster2,0.7073170731707317,0.5764705882352942,0.5705931495405179,0.5729166666666667,0.6574770258980785,0.32769495538308085
ZSCAN1---Cluster2,0.7195121951219512,0.5607638888888888,0.5696517412935324,0.5637288919731667,0.6955223880597015,0.2850015823560186
ZSCAN12---Cluster1,0.5609756097560976,0.5573671497584541,0.5568181818181819,0.5567567567567568,0.5400717703349283,0.5206039514232349
