,cluster_0,cluster_1,cluster_2
cellularity_Median,0.0,0.003408534527701911,0.0017510979446794164
cellularity_Inter_Quartile_Range,0.0,0.008400273894659985,0.0009321857120152594
cellularity_Robust_Skewness,0.0144852489972891,0.0047134699468906,0.015257297069276239
cellularity_Robust_Kurtosis,0.0,0.006150256726582931,0.004093457847652231
cell_voronoi_area_Median,0.005584252408208851,0.0016330796878159068,0.0003598088890878209
cell_voronoi_area_Inter_Quartile_Range,0.012752193027393475,0.006882951055712496,0.00016088268367903734
cell_voronoi_area_Robust_Skewness,0.0,0.005916735434680089,0.0033639685653490807
cell_voronoi_area_Robust_Kurtosis,0.0,0.0012661790598689252,0.008727721921519134
cytoplasm_background_intensity_mean_Median,0.0032813325255130156,0.0054025944534352435,0.003628436753903388
cytoplasm_background_intensity_mean_Inter_Quartile_Range,0.016087125304789517,0.004083362973440082,0.005183465854792415
cytoplasm_background_intensity_mean_Robust_Skewness,0.0,0.002081152075429985,0.009576395846884422
cytoplasm_background_intensity_mean_Robust_Kurtosis,0.0,0.003398691124647607,0.006877563097321276
cytoplasm_background_intensity_sd_Median,0.05221656233238464,0.010344726178842334,0.004684506489083695
cytoplasm_background_intensity_sd_Inter_Quartile_Range,0.013377514626311052,0.0019728674535787207,0.004799737874160414
cytoplasm_background_intensity_sd_Robust_Skewness,0.0,0.0068629472872498085,0.00449373676486455
cytoplasm_background_intensity_sd_Robust_Kurtosis,0.0,0.005383765836202227,0.003575987097946279
cytoplasm_contrast_mean_Median,0.007359643746198791,0.0030090191615172062,0.0021006521267311353
cytoplasm_contrast_mean_Inter_Quartile_Range,0.017206168937509387,0.0187590792589742,0.0062952519317508735
cytoplasm_contrast_mean_Robust_Skewness,0.006060952486074592,0.006922468603256793,0.001792384464596956
cytoplasm_contrast_mean_Robust_Kurtosis,0.0016909469302809586,0.00979063778309782,0.0027795363359468
cytoplasm_gradient_mean_Median,0.0,0.007237920297236284,0.003559688839870684
cytoplasm_gradient_mean_Inter_Quartile_Range,0.006658739595719378,0.003484996578684071,0.00319472052342667
cytoplasm_gradient_mean_Robust_Skewness,0.0,0.014901727799254433,0.019014923550611126
cytoplasm_gradient_mean_Robust_Kurtosis,0.010933303068134528,0.0047815937563660624,0.007672177508472457
cytoplasm_gradient_sd_Median,0.007396041773883784,0.010917282956440861,0.005829778585803721
cytoplasm_gradient_sd_Inter_Quartile_Range,0.0,0.011082143922328707,0.002572011969108041
cytoplasm_gradient_sd_Robust_Skewness,0.0,0.0063458391289039785,0.0007539539459839304
cytoplasm_gradient_sd_Robust_Kurtosis,0.00973502186282688,0.009179760428898861,0.008965667063345659
cytoplasm_intensity_mean_Median,0.00936799402156506,0.004171915596885124,0.0009449129322487034
cytoplasm_intensity_mean_Inter_Quartile_Range,0.004711712969426218,0.004712842769863013,0.003259091228558848
cytoplasm_intensity_mean_Robust_Skewness,0.0,0.0038006686470596425,0.0028772561069180125
cytoplasm_intensity_mean_Robust_Kurtosis,0.014892444695610962,0.0056609650814051305,0.013565112127628348
cytoplasm_intensity_sd_Median,0.0,0.005979304624847761,0.0023825273332008776
cytoplasm_intensity_sd_Inter_Quartile_Range,0.0,0.013122923584621922,0.0012134851067775877
cytoplasm_intensity_sd_Robust_Skewness,0.005499400065447408,0.01107890829499907,0.0022669058579456738
cytoplasm_intensity_sd_Robust_Kurtosis,0.0,0.007095657745866022,0.0111326555097623
cytoplasm_intensity_total_Median,0.0,0.0008016003818777323,0.0024185091537637063
cytoplasm_intensity_total_Inter_Quartile_Range,0.0,0.0050210104529052725,0.00923333232069714
cytoplasm_intensity_total_Robust_Skewness,0.008389111487940644,0.00614396102128992,0.007860070821203151
cytoplasm_intensity_total_Robust_Kurtosis,0.014432699446234954,0.0061137196883487635,0.005452775159431703
edge_length_Median,0.0,0.0034797747525749045,0.00024096385542168676
edge_length_Inter_Quartile_Range,0.0,0.0034820864132547136,0.0033982274016227908
edge_length_Robust_Skewness,0.0058281994408184365,0.0031284622226775026,0.0066240160896630105
edge_length_Robust_Kurtosis,0.0,0.0017281765637773975,0.00402382085586836
nucleus_area_Median,0.001405898525368658,0.003361537857189187,0.0059167289424492606
nucleus_area_Inter_Quartile_Range,0.0,0.0010566430185271903,0.0042556747803659065
nucleus_area_Robust_Skewness,0.020581752828430035,0.0060132439676957835,0.007087570768728304
nucleus_area_Robust_Kurtosis,0.025666719646338758,0.006041194928394409,0.0066513657146585305
nucleus_aspect_ratio_Median,0.008615703715522218,0.00433307592399685,0.00036741414443926783
nucleus_aspect_ratio_Inter_Quartile_Range,0.033464977382785435,0.004967662116642663,0.01014629686079975
nucleus_aspect_ratio_Robust_Skewness,0.009794262532599247,0.010250355447992547,0.0016278231262161122
nucleus_aspect_ratio_Robust_Kurtosis,0.0050561797752809,0.003989229722019004,0.002986202945309354
nucleus_background_intensity_mean_Median,0.0,0.0005801189977096766,0.004727970581854587
nucleus_background_intensity_mean_Inter_Quartile_Range,0.006481999355504063,0.002324812544678569,0.0026841134059817496
nucleus_background_intensity_mean_Robust_Skewness,0.0016596518714234482,0.00780360046768264,0.003938474998973408
nucleus_background_intensity_mean_Robust_Kurtosis,0.000804012161741848,0.004226611109838383,0.0067275928045314425
nucleus_background_intensity_sd_Median,0.0,0.0006117984278519911,0.0017685395401345317
nucleus_background_intensity_sd_Inter_Quartile_Range,0.002858039206835779,0.004340121737314289,0.006298137273230187
nucleus_background_intensity_sd_Robust_Skewness,0.0013710756684739047,0.0019032943153109029,0.005466196044085718
nucleus_background_intensity_sd_Robust_Kurtosis,0.0,0.004905254196962125,0.0035631233490446856
nucleus_bending_energy_s1_mean_Median,0.0056851829918275485,0.0033651777591916752,0.006357236530449882
nucleus_bending_energy_s1_mean_Inter_Quartile_Range,0.0,0.00314557980705481,0.001225883293444427
nucleus_bending_energy_s1_mean_Robust_Skewness,0.011360996935072965,0.003752167230080008,0.013542200936420466
nucleus_bending_energy_s1_mean_Robust_Kurtosis,0.0,0.004277010727656771,0.0007341176851805099
nucleus_contrast_mean_Median,0.0,0.0035830607156448475,0.002371588354912543
nucleus_contrast_mean_Inter_Quartile_Range,0.0,0.0035765046437208205,0.004922482895643134
nucleus_contrast_mean_Robust_Skewness,0.001708288158602033,0.0036943263742943654,0.004167885024345092
nucleus_contrast_mean_Robust_Kurtosis,0.008426966292134835,0.004152731372841028,0.010203346102994906
nucleus_curvature_s1_sd_Median,0.0028560718302065298,0.005716299650433926,0.004835124676337055
nucleus_curvature_s1_sd_Inter_Quartile_Range,0.0,0.0021418229058945354,0.0029163196355501005
nucleus_curvature_s1_sd_Robust_Skewness,0.0,0.01203530786092015,0.004100660608425069
nucleus_curvature_s1_sd_Robust_Kurtosis,0.0011453296004072275,0.002980266086134886,0.0022667470730339707
nucleus_deviation_from_polygon_convexity_Median,0.0,0.0,0.0
nucleus_deviation_from_polygon_convexity_Inter_Quartile_Range,0.0,0.0,0.0
nucleus_gradient_mean_Median,0.0,0.0013799439425600324,0.007942754320581741
nucleus_gradient_mean_Inter_Quartile_Range,0.00770554343491119,0.0026406396433387687,0.0048515873108603775
nucleus_gradient_mean_Robust_Skewness,0.0,0.004210108281211735,0.0028795008980992015
nucleus_gradient_mean_Robust_Kurtosis,0.013157823005195243,0.012258786700070506,0.008555167420345221
nucleus_gradient_sd_Median,0.001332464763709582,0.005483345930392779,0.002517970439189631
nucleus_gradient_sd_Inter_Quartile_Range,0.0,0.003023855126100084,0.0030260158944672337
nucleus_gradient_sd_Robust_Skewness,0.0,0.0032904425851621203,0.0035455260522125965
nucleus_gradient_sd_Robust_Kurtosis,0.023429640902875935,0.008835329409015394,0.004624999136796849
nucleus_intensity_mean_Median,0.003805269390500853,0.005798951967524565,0.0015592953505881837
nucleus_intensity_mean_Inter_Quartile_Range,0.0,0.006279267245993615,0.0026032602422984235
nucleus_intensity_mean_Robust_Skewness,0.00811046183096999,0.007405503937382987,0.0016023211732687196
nucleus_intensity_mean_Robust_Kurtosis,0.001123595505617978,0.006932946305118414,0.003085498233729155
nucleus_intensity_sd_Median,0.0,0.005929809650206951,0.019266161943271583
nucleus_intensity_sd_Inter_Quartile_Range,0.0,0.004561397334592366,0.003983464311209698
nucleus_intensity_sd_Robust_Skewness,0.0,0.0020480151485103536,0.00401115846636961
nucleus_intensity_sd_Robust_Kurtosis,0.005973069367806451,0.000563005534269902,0.0016500183274754904
nucleus_intensity_total_Median,0.0,0.003450434536361791,0.001378950866492105
nucleus_intensity_total_Inter_Quartile_Range,0.014342818786408612,0.001784536050142069,0.0069339687111416625
nucleus_intensity_total_Robust_Skewness,0.016722965460443807,0.013807008383147683,0.0018380499152312751
nucleus_intensity_total_Robust_Kurtosis,0.0,0.0095903936487288,0.011899580961244645
nucleus_major_axis_Median,0.0,0.002020493612851678,0.001169976156015181
nucleus_major_axis_Inter_Quartile_Range,0.0,0.0019132768941460083,0.004079318551167539
nucleus_major_axis_Robust_Skewness,0.0,0.0008807079637054486,0.0024113786791148846
nucleus_major_axis_Robust_Kurtosis,0.0,0.003322674382140363,0.014233504950264424
nucleus_max_curvature_s1_Median,0.0,0.008811724512532251,0.00675064881107664
nucleus_max_curvature_s1_Inter_Quartile_Range,0.0,0.008724938241295306,0.009626617628106614
nucleus_max_curvature_s1_Robust_Skewness,0.0018390804597701166,0.004531245185624148,0.0010952050518219672
nucleus_max_curvature_s1_Robust_Kurtosis,0.012867121226671784,0.005832318272976933,0.023326599632487944
nucleus_minor_axis_Median,0.005089423548124148,0.00017305644302449425,0.0
nucleus_minor_axis_Inter_Quartile_Range,0.015101123595505625,0.0006282292952891194,0.000993103448275862
nucleus_minor_axis_Robust_Skewness,0.0,0.0003486823799671307,0.0002067336089781452
nucleus_minor_axis_Robust_Kurtosis,0.005457601711503899,0.0023657598099811163,0.0023555805380692353
nucleus_orientation_Median,0.0034978798653561806,0.014549662667821478,0.006075800955624462
nucleus_orientation_Inter_Quartile_Range,0.0011706555671175854,0.0041633395714957095,0.004398754416110054
nucleus_orientation_Robust_Skewness,0.005992509363295881,0.002906080099011894,0.0014212229217940844
nucleus_orientation_Robust_Kurtosis,0.0,0.0064374224492533315,0.004676062387527496
nucleus_perimeter_Median,0.0,0.0006001376384196378,0.0013140834816500499
nucleus_perimeter_Inter_Quartile_Range,0.0,0.0022825478575727947,0.003496599151772668
nucleus_perimeter_Robust_Skewness,0.0,0.0006323697318387093,0.004360990600285001
nucleus_perimeter_Robust_Kurtosis,0.0,0.006953522134847862,0.004428069723186376
nucleus_texture_feature_0_mean_Median,0.0,0.0009139537354777022,0.002777558444500625
nucleus_texture_feature_0_mean_Inter_Quartile_Range,0.0,0.004096092924356789,0.002595184630419705
nucleus_texture_feature_0_mean_Robust_Skewness,0.0,0.006925759247212398,0.0025620292882116867
nucleus_texture_feature_0_mean_Robust_Kurtosis,0.0,0.005590673404474251,0.0017181407630107429
nucleus_texture_feature_0_sd_Median,0.0,0.0014209521388773075,0.004895693234783339
nucleus_texture_feature_0_sd_Inter_Quartile_Range,0.0073474940806246124,0.0022654721931172793,0.0004971717434949462
nucleus_texture_feature_0_sd_Robust_Skewness,0.014631243496947924,0.002913440563785166,0.0019868424580912307
nucleus_texture_feature_0_sd_Robust_Kurtosis,0.0,0.0023508084897975305,0.001215409784106661
nucleus_texture_feature_1_mean_Median,0.0,0.0011853601982844955,0.0019297788254274842
nucleus_texture_feature_1_mean_Inter_Quartile_Range,0.004188189306156638,0.0017770429031179042,0.006500179892367414
nucleus_texture_feature_1_mean_Robust_Skewness,0.0009755463059313218,0.009067832654342816,0.009445612035749527
nucleus_texture_feature_1_mean_Robust_Kurtosis,0.0,0.003927331715658112,0.00926103183551944
nucleus_texture_feature_1_sd_Median,0.0010450626469619337,0.0030809376239034915,0.009163657356452077
nucleus_texture_feature_1_sd_Inter_Quartile_Range,0.0,0.0011872928700228296,0.009032312483440991
nucleus_texture_feature_1_sd_Robust_Skewness,0.0,0.00552506821137069,0.006317588533463161
nucleus_texture_feature_1_sd_Robust_Kurtosis,0.0016052302893738365,0.002543289412136858,0.00166436650909441
nucleus_texture_feature_10_mean_Median,0.0101069919854712,0.004257095624370577,0.002834070251787256
nucleus_texture_feature_10_mean_Inter_Quartile_Range,0.0,0.010352933264739357,0.002875160055356911
nucleus_texture_feature_10_mean_Robust_Skewness,0.014799241975601087,0.009955603567591146,0.0033550878214540676
nucleus_texture_feature_10_mean_Robust_Kurtosis,0.013200009704778743,0.003504292815775128,0.0
nucleus_texture_feature_10_sd_Median,0.014464570461389803,0.0,0.002621900430219313
nucleus_texture_feature_10_sd_Inter_Quartile_Range,0.0,0.005137429561654829,0.0015186320012970805
nucleus_texture_feature_10_sd_Robust_Skewness,0.014609807107743886,0.007979505083282908,0.004953000113825053
nucleus_texture_feature_10_sd_Robust_Kurtosis,0.007338064871480447,0.004911179516678319,0.008705894256614048
nucleus_texture_feature_11_mean_Median,0.0,0.0010589766277881824,0.009767428918146427
nucleus_texture_feature_11_mean_Inter_Quartile_Range,0.0,0.006752139888517178,0.00023730024448727154
nucleus_texture_feature_11_mean_Robust_Skewness,0.0,0.0050184893790407355,0.009810453402074162
nucleus_texture_feature_11_mean_Robust_Kurtosis,0.0,0.002554801153724134,0.0028983076972369124
nucleus_texture_feature_11_sd_Median,0.009611932704221763,0.0029492093129883934,0.005519976010942672
nucleus_texture_feature_11_sd_Inter_Quartile_Range,0.004079338877396427,0.006037147356093457,0.003241239118306528
nucleus_texture_feature_11_sd_Robust_Skewness,0.0032768166549384603,0.0007228680706885175,0.005099053671226388
nucleus_texture_feature_11_sd_Robust_Kurtosis,0.006896551724137933,0.003175973155593588,0.005281474059013117
nucleus_texture_feature_2_mean_Median,0.0,0.0018558102732309037,0.0017590295173396655
nucleus_texture_feature_2_mean_Inter_Quartile_Range,0.007262826263848608,0.0012335856255150678,0.007583986061094205
nucleus_texture_feature_2_mean_Robust_Skewness,0.0,0.0060596119829546815,0.005612446784981921
nucleus_texture_feature_2_mean_Robust_Kurtosis,0.0019662921348314612,0.0,0.005631142111025471
nucleus_texture_feature_2_sd_Median,0.0,0.001588743720506201,0.002999009064861546
nucleus_texture_feature_2_sd_Inter_Quartile_Range,0.0,0.001043351611985718,0.00514129132608199
nucleus_texture_feature_2_sd_Robust_Skewness,0.0013389509765415796,0.0038841062216664257,2.4390243902439016e-05
nucleus_texture_feature_2_sd_Robust_Kurtosis,0.010908995761240043,0.004999188112183779,0.0058961361140413395
nucleus_texture_feature_3_mean_Median,0.0,6.212823728384567e-05,0.001954787586880894
nucleus_texture_feature_3_mean_Inter_Quartile_Range,0.0,0.0020611543310516756,0.006937349723694365
nucleus_texture_feature_3_mean_Robust_Skewness,0.0012518516973022606,0.010295534407216972,0.001901936396953384
nucleus_texture_feature_3_mean_Robust_Kurtosis,0.0,0.011025336457726197,0.00450955337338769
nucleus_texture_feature_3_sd_Median,0.0,0.0028250201481068073,0.002983031932072095
nucleus_texture_feature_3_sd_Inter_Quartile_Range,0.0,0.002262585056738634,0.00053832902670112
nucleus_texture_feature_3_sd_Robust_Skewness,0.04071156618964835,0.004662319033867929,0.011771835644499263
nucleus_texture_feature_3_sd_Robust_Kurtosis,0.0016065404044911737,0.0032791525100285407,0.0047023928875350625
nucleus_texture_feature_4_mean_Median,0.0,0.005378802008396832,0.005950171891816653
nucleus_texture_feature_4_mean_Inter_Quartile_Range,0.003567712204548836,0.003219891961095258,0.004458090857067945
nucleus_texture_feature_4_mean_Robust_Skewness,0.0,0.0015035595138620439,0.0
nucleus_texture_feature_4_mean_Robust_Kurtosis,0.0,0.00772052725044726,0.005841070706698859
nucleus_texture_feature_4_sd_Median,0.0,0.0025373054482562083,0.002087904988609168
nucleus_texture_feature_4_sd_Inter_Quartile_Range,0.0,0.0014081085446775912,0.0035093402828563643
nucleus_texture_feature_4_sd_Robust_Skewness,0.0,0.007704189271294886,0.0016012881957936447
nucleus_texture_feature_4_sd_Robust_Kurtosis,0.015134507327626103,0.002017342983108088,0.0026312905219166307
nucleus_texture_feature_5_mean_Median,0.0,0.001577416470277716,0.00544013513263392
nucleus_texture_feature_5_mean_Inter_Quartile_Range,0.00925018377848566,0.003503347779590564,0.0034947167753016707
nucleus_texture_feature_5_mean_Robust_Skewness,0.012901995968199218,0.003762506171959822,0.0008546529576074777
nucleus_texture_feature_5_mean_Robust_Kurtosis,0.008446181767415894,0.0050276251264304165,0.002136524504117878
nucleus_texture_feature_5_sd_Median,0.0,0.0,0.0074510080220690925
nucleus_texture_feature_5_sd_Inter_Quartile_Range,0.0,0.002704897231295494,0.0002040816326530613
nucleus_texture_feature_5_sd_Robust_Skewness,0.011782768593565893,0.004808177663260279,0.007191193854915262
nucleus_texture_feature_5_sd_Robust_Kurtosis,0.0260166751113875,0.005814951718966808,0.004014431197704835
nucleus_texture_feature_6_mean_Median,0.0,0.004503672001154328,0.0023989749447236326
nucleus_texture_feature_6_mean_Inter_Quartile_Range,0.0,0.002673044919169403,0.004603283572099997
nucleus_texture_feature_6_mean_Robust_Skewness,0.0,0.007504027129730988,0.009983060065865516
nucleus_texture_feature_6_mean_Robust_Kurtosis,0.01939538452055934,0.008106412944045105,0.00788158501478643
nucleus_texture_feature_6_sd_Median,0.0,0.0013305255469699918,0.0072689190039066905
nucleus_texture_feature_6_sd_Inter_Quartile_Range,0.0,0.0032010335918940176,0.0039057995509904292
nucleus_texture_feature_6_sd_Robust_Skewness,0.0,0.0037626231377078023,0.0018984292643860654
nucleus_texture_feature_6_sd_Robust_Kurtosis,0.011361940377340349,0.004611491418672809,0.005625366374257514
nucleus_texture_feature_7_mean_Median,0.0,0.0028356651416602346,0.0017809786490050861
nucleus_texture_feature_7_mean_Inter_Quartile_Range,0.0,0.0007923407065037964,0.005258171232615313
nucleus_texture_feature_7_mean_Robust_Skewness,0.00216843312894498,0.00512356551434259,0.007097071488158548
nucleus_texture_feature_7_mean_Robust_Kurtosis,0.0,0.008603502023477453,0.01122867145132923
nucleus_texture_feature_7_sd_Median,0.0,0.0009364069212915404,0.002590480561308833
nucleus_texture_feature_7_sd_Inter_Quartile_Range,0.0,0.003074201162114189,0.0011151541956495544
nucleus_texture_feature_7_sd_Robust_Skewness,0.009432126121000705,0.006658313811784634,0.010157499386891937
nucleus_texture_feature_7_sd_Robust_Kurtosis,0.0,0.0028201720109582843,0.0
nucleus_texture_feature_8_mean_Median,0.0,0.0051206075748456625,0.0026653570849569292
nucleus_texture_feature_8_mean_Inter_Quartile_Range,0.0,0.004972238366036314,0.004485253540598717
nucleus_texture_feature_8_mean_Robust_Skewness,0.004389958376690948,0.004035869914296641,0.003972609409926506
nucleus_texture_feature_8_mean_Robust_Kurtosis,0.0,0.003857026582792215,0.0018832512740328288
nucleus_texture_feature_8_sd_Median,0.02515515831722907,0.002526483283608278,0.003888396390079166
nucleus_texture_feature_8_sd_Inter_Quartile_Range,0.0,0.0032530807309222583,0.003505234426384289
nucleus_texture_feature_8_sd_Robust_Skewness,0.011339497688366862,0.0032423391075811527,0.0037957592222493263
nucleus_texture_feature_8_sd_Robust_Kurtosis,0.008591540947712327,0.003787910059508233,0.0056363214842788814
nucleus_texture_feature_9_mean_Median,0.0015963485006148903,0.0035444136993367232,0.0028348486676053513
nucleus_texture_feature_9_mean_Inter_Quartile_Range,0.002028397565922922,0.011084960237935718,0.003997790536667857
nucleus_texture_feature_9_mean_Robust_Skewness,0.0076113564875257,0.003465854409720288,0.009541074028134831
nucleus_texture_feature_9_mean_Robust_Kurtosis,0.005063366102096411,0.007020237732765724,0.0021229499706965117
nucleus_texture_feature_9_sd_Median,0.00948850431652935,0.005441249333215641,0.0012175595532760784
nucleus_texture_feature_9_sd_Inter_Quartile_Range,0.0,0.004794479871533065,0.004884100209648774
nucleus_texture_feature_9_sd_Robust_Skewness,0.0,0.007726015943519911,0.00482581069588508
nucleus_texture_feature_9_sd_Robust_Kurtosis,0.0,0.0038098206630705657,0.009044027601719271
bin_1,0.0,0.0023935513579727307,0.0017305802539154592
bin_2,0.0,0.005511073109369159,0.009571007738779324
bin_3,0.0015521296054350731,0.008453073213937944,0.0032554309392419313
bin_4,0.013580435673310149,0.003229153460934282,0.0011128004365756198
bin_5,0.005942786749133151,0.002555495340311236,0.007394027361448607
bin_6,0.021010938014184338,0.0021215212385243113,0.0028737607287089746
bin_7,0.0014604936468526361,0.007844166591775921,0.007316322434658987
bin_8,0.014899297474360312,0.0023903950063117684,0.0036352181833037905
