,cluster_0,cluster_1,cluster_2
cellularity_Median,0.003391080708668165,0.002305983852861802,0.0015023259639834119
cellularity_Inter_Quartile_Range,0.005326518063767569,0.002645184221539094,0.014710824885806256
cellularity_Robust_Skewness,0.0049631918419576135,0.009599999655260401,0.01089475670216542
cellularity_Robust_Kurtosis,0.003263156039501705,0.009820964822729783,0.00290200280232057
cell_voronoi_area_Median,0.005896633173578827,0.006362239231596628,0.008936421468822698
cell_voronoi_area_Inter_Quartile_Range,0.0048202034705487,0.0061232840934604725,0.006046586366722269
cell_voronoi_area_Robust_Skewness,0.008144229504312648,0.006360187311495061,0.008496305977583565
cell_voronoi_area_Robust_Kurtosis,0.004589822192951901,0.01593984671105458,0.00551775991987295
cytoplasm_background_intensity_mean_Median,0.006792352799771478,0.0058122203203912455,0.0035169504757449543
cytoplasm_background_intensity_mean_Inter_Quartile_Range,0.005352914134937394,0.011312112875052217,0.0029536515036471885
cytoplasm_background_intensity_mean_Robust_Skewness,0.003914021644583959,0.003144610338960308,0.005999922822090375
cytoplasm_background_intensity_mean_Robust_Kurtosis,0.005322583875884907,0.0035820403713566745,0.004135443102205513
cytoplasm_background_intensity_sd_Median,0.009227758884703879,0.005796323719584923,0.006023010348505113
cytoplasm_background_intensity_sd_Inter_Quartile_Range,0.007783813093422026,0.005395291142055431,0.009002374111139699
cytoplasm_background_intensity_sd_Robust_Skewness,0.015802523460701944,0.0016210846315972433,0.004506142512833567
cytoplasm_background_intensity_sd_Robust_Kurtosis,0.007056880580618402,0.0035928001143060526,0.004448084872636072
cytoplasm_contrast_mean_Median,0.0039014598871171795,0.00479317099950234,0.0017336568493424762
cytoplasm_contrast_mean_Inter_Quartile_Range,0.019863191163750453,0.0016588076393680524,0.004085745829243155
cytoplasm_contrast_mean_Robust_Skewness,0.00840053989424633,0.00693128175386321,0.00641625915136073
cytoplasm_contrast_mean_Robust_Kurtosis,0.016307551742613696,0.004814217651536391,0.010384672765530017
cytoplasm_gradient_mean_Median,0.0026851576596515154,0.004544238047471708,0.006887785316172391
cytoplasm_gradient_mean_Inter_Quartile_Range,0.0029623140258024055,0.005564869726915902,0.0028979078663573404
cytoplasm_gradient_mean_Robust_Skewness,0.02312693895027993,0.008961494211749898,0.022402945630559095
cytoplasm_gradient_mean_Robust_Kurtosis,0.013845541957125507,0.006538705164191825,0.012069817669972645
cytoplasm_gradient_sd_Median,0.004692656826398153,0.003649767128554675,0.005495722855640574
cytoplasm_gradient_sd_Inter_Quartile_Range,0.008096915395307816,0.002550959594662376,0.0007201386388947088
cytoplasm_gradient_sd_Robust_Skewness,0.010252322876298747,0.007137714331705989,0.006348512728004558
cytoplasm_gradient_sd_Robust_Kurtosis,0.009556953861059899,0.010024786043514899,0.007016539634217217
cytoplasm_intensity_mean_Median,0.005410228792101532,0.0041298539141745375,0.0025997273823923465
cytoplasm_intensity_mean_Inter_Quartile_Range,0.005904847104418984,0.00785378428270244,0.006054498546597017
cytoplasm_intensity_mean_Robust_Skewness,0.006853214694959456,0.005884625371401635,0.009318798075522338
cytoplasm_intensity_mean_Robust_Kurtosis,0.005430204410816719,0.005883927828653477,0.009443216002507922
cytoplasm_intensity_sd_Median,0.00628487074161602,0.004465011104561988,0.002000352753072873
cytoplasm_intensity_sd_Inter_Quartile_Range,0.0015355248247707314,0.004855079549414799,0.0013815247532723
cytoplasm_intensity_sd_Robust_Skewness,0.003477250229299793,0.004908296566939737,0.005007181144169522
cytoplasm_intensity_sd_Robust_Kurtosis,0.005779292336237767,0.006766010502775913,0.0093324206388433
cytoplasm_intensity_total_Median,0.0053277715344017896,0.008226764448291133,0.0025168048320124954
cytoplasm_intensity_total_Inter_Quartile_Range,0.002908575940952057,0.0015275156811864696,0.007631547983871386
cytoplasm_intensity_total_Robust_Skewness,0.0067438108839751945,0.0026938182308425,0.0028737714142846177
cytoplasm_intensity_total_Robust_Kurtosis,0.003598793559813855,0.0031196308331714,0.0035300554679664263
edge_length_Median,0.007696552907098019,0.004319742848002836,0.00157815589390144
edge_length_Inter_Quartile_Range,0.005496221551462094,0.0028423641035175196,0.008790829850576753
edge_length_Robust_Skewness,0.003000813108602124,0.006603462123711352,0.002882125523155722
edge_length_Robust_Kurtosis,0.007762416681043471,0.007550599554085936,0.00923554989808078
nucleus_area_Median,0.004835323027303215,0.005480684854890857,0.0020773916919448144
nucleus_area_Inter_Quartile_Range,0.001015734377051554,0.004947223483588951,0.0009085857591055041
nucleus_area_Robust_Skewness,0.0064018560742362726,0.005198660710570747,0.005418469823684587
nucleus_area_Robust_Kurtosis,0.009141442243496976,0.010376855060050203,0.005028296494545044
nucleus_aspect_ratio_Median,0.007281623847287814,0.0020109462328768675,0.011559057556035306
nucleus_aspect_ratio_Inter_Quartile_Range,0.012968197652800169,0.0029278298048108185,0.007717493338176768
nucleus_aspect_ratio_Robust_Skewness,0.0026949586665016147,0.005377254906159159,0.0034889307903933488
nucleus_aspect_ratio_Robust_Kurtosis,0.013568711433901464,0.004956667175913863,0.017523887560230343
nucleus_background_intensity_mean_Median,0.0045387421673311786,0.005734828331851822,0.0026449940390857484
nucleus_background_intensity_mean_Inter_Quartile_Range,0.002553379060367059,0.00556506582518028,0.004103887654642365
nucleus_background_intensity_mean_Robust_Skewness,0.004079121284498692,0.00142769881241506,0.0025850325504181183
nucleus_background_intensity_mean_Robust_Kurtosis,0.0032485754884975415,0.00478902600573216,0.002967631858356753
nucleus_background_intensity_sd_Median,0.002433723618876259,0.0028780836872200795,0.001759926314233623
nucleus_background_intensity_sd_Inter_Quartile_Range,0.005498021858809332,0.0069817478170263155,0.008498584413522988
nucleus_background_intensity_sd_Robust_Skewness,0.006443534997959193,0.008109662836203551,0.00041563381389593946
nucleus_background_intensity_sd_Robust_Kurtosis,0.006222632063029381,0.0032354287373777975,0.004538442835806863
nucleus_bending_energy_s1_mean_Median,0.004818265401329949,0.003605208347810828,0.003796749271181379
nucleus_bending_energy_s1_mean_Inter_Quartile_Range,0.0027294514159483707,0.003426788736512341,0.009150836486349288
nucleus_bending_energy_s1_mean_Robust_Skewness,0.0030807795542762122,0.0026445525052201115,0.0010067901245572387
nucleus_bending_energy_s1_mean_Robust_Kurtosis,0.0024737575841464548,0.0020382112021249,0.009827316515821497
nucleus_contrast_mean_Median,0.0033288942794819955,0.003023760302981453,0.004198848622304409
nucleus_contrast_mean_Inter_Quartile_Range,0.0068516413586348,0.00834682845038296,0.0026008248393159044
nucleus_contrast_mean_Robust_Skewness,0.0015075792735618338,0.0026626508084638856,0.002920700240577766
nucleus_contrast_mean_Robust_Kurtosis,0.008562466565812579,0.0021057895378510205,0.005230218322088531
nucleus_curvature_s1_sd_Median,0.004184354026460163,0.0019057523970730588,0.011389674964194985
nucleus_curvature_s1_sd_Inter_Quartile_Range,0.00456602406506354,0.0009283278569692742,0.0032904376687708974
nucleus_curvature_s1_sd_Robust_Skewness,0.009043582641085443,0.0031180705278720205,0.0034118018601730937
nucleus_curvature_s1_sd_Robust_Kurtosis,0.0047636198499613315,0.004392164107189847,0.003306360607678454
nucleus_deviation_from_polygon_convexity_Median,0.0,0.0,0.0
nucleus_deviation_from_polygon_convexity_Inter_Quartile_Range,0.0,0.0,0.0
nucleus_gradient_mean_Median,0.0006648345013161353,0.0027973706440732114,0.0007759060712001789
nucleus_gradient_mean_Inter_Quartile_Range,0.003860380203798728,0.004944817162963223,0.007055315726243052
nucleus_gradient_mean_Robust_Skewness,0.0022310165090472798,0.006209641524126226,0.0062599429788833625
nucleus_gradient_mean_Robust_Kurtosis,0.003356396884710838,0.004308926464807957,0.003412882547738477
nucleus_gradient_sd_Median,0.0021251581345432344,0.0014570993528559167,0.0014878519165315795
nucleus_gradient_sd_Inter_Quartile_Range,0.0,0.0037537769357291573,0.004701069404885532
nucleus_gradient_sd_Robust_Skewness,0.0026080449108052666,0.00647912151429849,0.000944078900458456
nucleus_gradient_sd_Robust_Kurtosis,0.0030743875465908048,0.0044354269826552915,0.005459192765154854
nucleus_intensity_mean_Median,0.0009753152160013843,0.0040982963495995485,0.004745087354593447
nucleus_intensity_mean_Inter_Quartile_Range,0.0018266092249307794,0.005201207025513935,0.0022531465379507713
nucleus_intensity_mean_Robust_Skewness,0.006468242681384664,0.0036244231525573104,0.007441845221701157
nucleus_intensity_mean_Robust_Kurtosis,0.004418458504146406,0.003301573540476749,0.01068981861651653
nucleus_intensity_sd_Median,0.004508083201344104,0.005225260098391213,0.0010714481785988642
nucleus_intensity_sd_Inter_Quartile_Range,0.008636403143092164,0.002576718586118094,0.007583812375403804
nucleus_intensity_sd_Robust_Skewness,0.0021486732624226177,0.0036280986856693205,0.003691825702359228
nucleus_intensity_sd_Robust_Kurtosis,0.004891062215295802,0.008740869881742221,0.006554378287440971
nucleus_intensity_total_Median,0.0031964593911580413,0.0038428066295515496,0.0028604716915675552
nucleus_intensity_total_Inter_Quartile_Range,0.0007974958491881344,0.005689787678705335,0.002000549108430313
nucleus_intensity_total_Robust_Skewness,0.010700734337926595,0.005196342536967815,0.011513958536292189
nucleus_intensity_total_Robust_Kurtosis,0.008743181117411385,0.0052824613507606,0.010387334331328308
nucleus_major_axis_Median,0.0010026971294903081,0.000987543482863134,0.0
nucleus_major_axis_Inter_Quartile_Range,0.004387435329115431,0.001512746789861759,0.0017851542332849677
nucleus_major_axis_Robust_Skewness,0.001922569734633473,0.0017832655965101165,0.0
nucleus_major_axis_Robust_Kurtosis,0.004302232024188785,0.003862884467235404,0.002034201603937776
nucleus_max_curvature_s1_Median,0.006724435249571157,0.005821872377623997,0.009408745678328535
nucleus_max_curvature_s1_Inter_Quartile_Range,0.007646990855685005,0.004409251070406197,0.009173841316658472
nucleus_max_curvature_s1_Robust_Skewness,0.0035903328628511277,0.00571595812719059,0.004930248181943345
nucleus_max_curvature_s1_Robust_Kurtosis,0.008417017724537762,0.0049252503410553835,0.005745714354344808
nucleus_minor_axis_Median,0.00015703152262417142,0.0017750068215013257,0.0008206084252244736
nucleus_minor_axis_Inter_Quartile_Range,0.0007697089778990534,0.002000020973412032,0.001023292352084153
nucleus_minor_axis_Robust_Skewness,0.0006957865694496493,0.002502301522451369,0.0011195081003499666
nucleus_minor_axis_Robust_Kurtosis,0.0025042072931774216,0.0034975416093322755,0.008120801055404154
nucleus_orientation_Median,0.0070984487696113575,0.002320924534705614,0.01501228973259464
nucleus_orientation_Inter_Quartile_Range,0.005451022834481309,0.004194798267187333,0.001134526377516014
nucleus_orientation_Robust_Skewness,0.0052970817360190135,0.005855720802620274,0.0024297764648541762
nucleus_orientation_Robust_Kurtosis,0.0051513685258490535,0.005998313855538993,0.0037111592348922614
nucleus_perimeter_Median,0.00015764582238570696,0.0026822887835901317,0.0004291636186296026
nucleus_perimeter_Inter_Quartile_Range,0.002878494622376731,0.0007989215891073645,0.00190294831836424
nucleus_perimeter_Robust_Skewness,0.0009096138057809875,0.0022388175285378425,0.004134949610083044
nucleus_perimeter_Robust_Kurtosis,0.0017787755620465872,0.0019074548614458312,0.007775108663980439
nucleus_texture_feature_0_mean_Median,0.0002864049231054195,0.010419404557473916,0.0005551307726996236
nucleus_texture_feature_0_mean_Inter_Quartile_Range,0.002113236175282288,0.008418956287870944,0.009214737744523267
nucleus_texture_feature_0_mean_Robust_Skewness,0.00902976383701946,0.0038073899761564118,0.008126280150452143
nucleus_texture_feature_0_mean_Robust_Kurtosis,0.006367545212469388,0.0058562542312040385,0.003659838234748004
nucleus_texture_feature_0_sd_Median,0.0015881073556522742,0.007878230224625367,0.00294926078591055
nucleus_texture_feature_0_sd_Inter_Quartile_Range,0.0018017834797437243,0.0015411085305992828,0.0028385740044125783
nucleus_texture_feature_0_sd_Robust_Skewness,0.002458833506224258,0.001806793140994631,0.0038884607282270644
nucleus_texture_feature_0_sd_Robust_Kurtosis,0.0009254345903675022,0.004001756272283662,0.0050552275817524325
nucleus_texture_feature_1_mean_Median,0.0015858873765744793,0.0044822801485214815,0.004647370989162267
nucleus_texture_feature_1_mean_Inter_Quartile_Range,0.006463690888566434,0.005958431680524955,0.005188402434176954
nucleus_texture_feature_1_mean_Robust_Skewness,0.003529049107868773,0.004450375021782544,0.0062056276029960064
nucleus_texture_feature_1_mean_Robust_Kurtosis,0.004299274530691283,0.004560930634120073,0.001623831521622406
nucleus_texture_feature_1_sd_Median,0.003420323346858214,0.0038730893962038836,0.0004766149039186066
nucleus_texture_feature_1_sd_Inter_Quartile_Range,0.0018998894773049305,0.0022868239863558454,0.0008546879305995433
nucleus_texture_feature_1_sd_Robust_Skewness,0.004925286582487837,0.005598032497653481,0.014666880588735253
nucleus_texture_feature_1_sd_Robust_Kurtosis,0.0036867920511136,0.005388434387329522,0.00409688144054118
nucleus_texture_feature_10_mean_Median,0.0018636836078407496,0.007492859725007993,0.00043859649122807013
nucleus_texture_feature_10_mean_Inter_Quartile_Range,0.012136978130967278,0.0014754037890465862,0.009906081904636635
nucleus_texture_feature_10_mean_Robust_Skewness,0.006444058768860058,0.005047380820743814,0.006140775320650433
nucleus_texture_feature_10_mean_Robust_Kurtosis,0.005787302375832481,0.007121274967766072,0.002900036146428854
nucleus_texture_feature_10_sd_Median,0.002758576383999012,0.005521808018305685,0.0033098557992003513
nucleus_texture_feature_10_sd_Inter_Quartile_Range,0.006663376105394162,0.0024270947015033223,0.006201710239330532
nucleus_texture_feature_10_sd_Robust_Skewness,0.004216132344026073,0.008271140104433227,0.00432891470008063
nucleus_texture_feature_10_sd_Robust_Kurtosis,0.003011284852836711,0.0008314433542159846,0.007605368049528822
nucleus_texture_feature_11_mean_Median,0.0034232075479089605,0.0019575496700122213,0.0018171949338556858
nucleus_texture_feature_11_mean_Inter_Quartile_Range,0.0034419219207756304,0.0029292779742394106,0.0068258248611811935
nucleus_texture_feature_11_mean_Robust_Skewness,0.0009146990445793083,0.006433520136554151,0.0034641167752532827
nucleus_texture_feature_11_mean_Robust_Kurtosis,0.0031854270526757433,0.0031177075448570787,0.001393930725372036
nucleus_texture_feature_11_sd_Median,0.0025489992343284405,0.0019898762080414185,0.0017131634456713568
nucleus_texture_feature_11_sd_Inter_Quartile_Range,0.004333656206694125,0.003909714771329205,0.0026258679377983065
nucleus_texture_feature_11_sd_Robust_Skewness,0.005082119716410896,0.006460257256146662,0.002097304851631733
nucleus_texture_feature_11_sd_Robust_Kurtosis,0.0006842378569277511,0.0012534265054294912,0.0030972579684280556
nucleus_texture_feature_2_mean_Median,0.0021713829502930954,0.005693681650601415,0.0025650786256455854
nucleus_texture_feature_2_mean_Inter_Quartile_Range,0.005548289931383429,0.0043094312726528385,0.0029536329344679174
nucleus_texture_feature_2_mean_Robust_Skewness,0.01775102086851538,0.005347008724468772,0.00829314748412243
nucleus_texture_feature_2_mean_Robust_Kurtosis,0.004198724413746166,0.0017390539749808386,0.007466232832792585
nucleus_texture_feature_2_sd_Median,0.0008707820997137223,0.002024732961449244,0.001578176052182529
nucleus_texture_feature_2_sd_Inter_Quartile_Range,0.0033780548106730948,0.002860702727388498,0.0030963498842003284
nucleus_texture_feature_2_sd_Robust_Skewness,0.006770421588337604,0.003396581064194098,0.006187677364111955
nucleus_texture_feature_2_sd_Robust_Kurtosis,0.008457167633255826,0.0036123692931569946,0.004076139463458523
nucleus_texture_feature_3_mean_Median,0.001874676861067403,0.00477950710913744,0.0007898916931629813
nucleus_texture_feature_3_mean_Inter_Quartile_Range,0.007025152940840317,0.004228253929903957,0.0039941578247645396
nucleus_texture_feature_3_mean_Robust_Skewness,0.011566266397223935,0.00998323729214666,0.011822214600930393
nucleus_texture_feature_3_mean_Robust_Kurtosis,0.004182928689509469,0.005969952353939944,0.0024838388263858347
nucleus_texture_feature_3_sd_Median,0.0036742113645415442,0.0052844206497614276,0.00023842019599199717
nucleus_texture_feature_3_sd_Inter_Quartile_Range,0.0020839489170674484,0.004954661784963792,0.0018858009925091395
nucleus_texture_feature_3_sd_Robust_Skewness,0.005200147340522718,0.006074677329875059,0.01568066973567331
nucleus_texture_feature_3_sd_Robust_Kurtosis,0.003430369772201059,0.006817770712457789,0.0024794944135365436
nucleus_texture_feature_4_mean_Median,0.0007796697031580706,0.0025664594459529903,0.004643162027910573
nucleus_texture_feature_4_mean_Inter_Quartile_Range,0.0033772118661633864,0.004190146732388445,0.0028211722580825157
nucleus_texture_feature_4_mean_Robust_Skewness,0.0009738239684645583,0.011626483996450917,0.00454350692039246
nucleus_texture_feature_4_mean_Robust_Kurtosis,0.007923709197022573,0.00200286698651943,0.0022833367270908757
nucleus_texture_feature_4_sd_Median,0.0017943036142826982,0.004586391283774155,0.0011222382148807749
nucleus_texture_feature_4_sd_Inter_Quartile_Range,0.0023216250578798085,0.0027261833291706795,0.0020630002475292026
nucleus_texture_feature_4_sd_Robust_Skewness,0.004815420992002227,0.007056784458879884,0.0040355695176664905
nucleus_texture_feature_4_sd_Robust_Kurtosis,0.0016837272069016062,0.003532928695376366,0.003177668809243126
nucleus_texture_feature_5_mean_Median,0.004709400345107199,0.0072960081871443995,0.0022238341942052396
nucleus_texture_feature_5_mean_Inter_Quartile_Range,0.0015379499474344727,0.0011827376746019868,0.0024615925729805314
nucleus_texture_feature_5_mean_Robust_Skewness,0.0034367282148048462,0.009405712589360564,0.0038920678136234494
nucleus_texture_feature_5_mean_Robust_Kurtosis,0.004342572968520573,0.003011647125278171,0.0038678424647243803
nucleus_texture_feature_5_sd_Median,0.004039951831612607,0.003925009153072159,0.001085057324606451
nucleus_texture_feature_5_sd_Inter_Quartile_Range,0.004096365104846154,0.0003347392381334941,0.00284138134945622
nucleus_texture_feature_5_sd_Robust_Skewness,0.005104745716893626,0.002561275533613673,0.001292702169399513
nucleus_texture_feature_5_sd_Robust_Kurtosis,0.005795470539579604,0.00721733198708609,0.008274313885445498
nucleus_texture_feature_6_mean_Median,0.0006704980842911877,0.002847510723160678,0.006344113740512638
nucleus_texture_feature_6_mean_Inter_Quartile_Range,3.83022774327125e-05,0.0012358989974865738,0.002069329828511928
nucleus_texture_feature_6_mean_Robust_Skewness,0.004700900542368062,0.01410886283024408,0.004948002392074603
nucleus_texture_feature_6_mean_Robust_Kurtosis,0.00031639706262029415,0.004914417569057297,0.0048119876128733235
nucleus_texture_feature_6_sd_Median,0.0008719045202713578,0.004658979962881596,0.003469929510656169
nucleus_texture_feature_6_sd_Inter_Quartile_Range,0.003256845699403087,0.0027352070878514543,0.0010922306875579405
nucleus_texture_feature_6_sd_Robust_Skewness,0.003174367654491885,0.005141818900815152,0.003767350249975013
nucleus_texture_feature_6_sd_Robust_Kurtosis,0.005064792664127615,0.004632762829134791,0.002764900661972771
nucleus_texture_feature_7_mean_Median,0.0012656487500771626,0.0047750353262206915,0.002537221431000754
nucleus_texture_feature_7_mean_Inter_Quartile_Range,0.005007234161121639,0.002070360086464948,0.0028307685655812914
nucleus_texture_feature_7_mean_Robust_Skewness,0.005768484139144563,0.013033321931555928,0.006568459109971744
nucleus_texture_feature_7_mean_Robust_Kurtosis,0.0034430412240763182,0.0048444325175923866,0.003985567707879115
nucleus_texture_feature_7_sd_Median,0.0035676788197488217,0.004202910759816178,0.0026866397699092702
nucleus_texture_feature_7_sd_Inter_Quartile_Range,0.00281844176819327,0.001257059659595772,0.0036245911569186117
nucleus_texture_feature_7_sd_Robust_Skewness,0.005015326398566177,0.003981845451028075,0.0056335404310341895
nucleus_texture_feature_7_sd_Robust_Kurtosis,0.00039334442317757247,0.003524959522156498,0.001384580382895976
nucleus_texture_feature_8_mean_Median,0.0023950628510341064,0.002034612697179085,0.0009895016882492164
nucleus_texture_feature_8_mean_Inter_Quartile_Range,0.006653747265593407,0.0030271825268054827,0.003673453291995431
nucleus_texture_feature_8_mean_Robust_Skewness,0.005849964066099564,0.0021241547733552957,0.004960388722370622
nucleus_texture_feature_8_mean_Robust_Kurtosis,0.005025518989421066,0.0017698455356760234,0.0011815619749677739
nucleus_texture_feature_8_sd_Median,0.0003612716763005779,0.0025141025946779534,0.0026562363365774454
nucleus_texture_feature_8_sd_Inter_Quartile_Range,7.662835249042139e-05,0.007115361321967344,0.0010611627883169341
nucleus_texture_feature_8_sd_Robust_Skewness,0.0015106297204616206,0.005303233168066961,0.00204934946468627
nucleus_texture_feature_8_sd_Robust_Kurtosis,0.0030885801053532943,0.006132522725381658,0.006132470752915164
nucleus_texture_feature_9_mean_Median,0.0008936660840837427,0.008652201839331767,0.0026085695756967735
nucleus_texture_feature_9_mean_Inter_Quartile_Range,0.003160730830541582,0.0022218688959442854,0.0038724201406613824
nucleus_texture_feature_9_mean_Robust_Skewness,0.0027656971335032854,0.005543517719716295,0.001852836332240328
nucleus_texture_feature_9_mean_Robust_Kurtosis,0.0033233648807234205,0.003523227286273808,0.00636185930091709
nucleus_texture_feature_9_sd_Median,0.0038524538482829418,0.004080208973681652,0.0020417626995703946
nucleus_texture_feature_9_sd_Inter_Quartile_Range,0.0029820100748615065,0.003921894145902233,0.0009002168650019353
nucleus_texture_feature_9_sd_Robust_Skewness,0.00344736828800429,0.0029665606495099623,0.003034059583934081
nucleus_texture_feature_9_sd_Robust_Kurtosis,0.00506143941662759,0.0033147870024945515,0.00329681430004542
bin_1,0.0015354612559938076,0.004836126945317613,0.007187248812063708
bin_2,0.0032908315745861488,0.00674351978196026,0.011124428800272264
bin_3,0.004491055606748759,0.003986030887973056,0.0006968775379966052
bin_4,0.0037890365715091347,0.0028299022676941833,0.004927617981079892
bin_5,0.005407498471537415,0.006068434762356729,0.004213020021060689
bin_6,0.0032603141117754915,0.003577865910263228,0.0029977920532063486
bin_7,0.007070323330704582,0.005537348102586779,0.002691701681101836
bin_8,0.006081506183965867,0.005347978349773934,0.0036586705453722813
