,accuracy,precision,recall,f1score,AUC,AP
ABCC3---Cluster2,0.58,0.5753205128205128,0.5797962648556876,0.5716034271725826,0.6264855687606112,0.5726750132950231
ACN9---Cluster1,0.64,0.6436781609195402,0.64,0.6376811594202898,0.688,0.6181827270472745
ACTC1---Cluster1,0.8,0.6875,0.6875,0.6875,0.75,0.9225264447588566
AEBP1---Cluster1,0.54,0.54,0.5496031746031746,0.5166036149642708,0.45833333333333337,0.7408763160356285
AGA,0.6,0.503968253968254,0.503968253968254,0.503968253968254,0.5158730158730159,0.7523987624550258
AGBL2,0.78,0.6,0.632890365448505,0.6102055279943303,0.8338870431893688,0.9712973166692018
ALDH1A3---Cluster2,0.76,0.6368563685636857,0.6177156177156178,0.625,0.7599067599067599,0.9054747878697907
ALDH3B1---Cluster1,0.54,0.5246305418719212,0.525,0.5245969408846631,0.5708333333333333,0.48709275466884167
ALDH7A1,0.66,0.5998217468805704,0.6111111111111112,0.6026180458158018,0.6805555555555556,0.8601456291612981
AMICA1---Cluster1,0.44,0.4045138888888889,0.4083333333333333,0.40577249575551777,0.405,0.556413790140494
AMMECR1---Cluster2,0.64,0.5704099821746881,0.5821205821205822,0.5714285714285715,0.6278586278586279,0.46758210433768743
AMT---Cluster1,0.68,0.625,0.6158088235294117,0.6190476190476191,0.6415441176470589,0.8050313707685561
ANGPT1---Cluster2,0.5,0.49194847020933974,0.4916666666666667,0.4900040799673603,0.47,0.41419103633122345
ANK3---Cluster1,0.66,0.44696969696969696,0.4708939708939709,0.4476933073424302,0.5176715176715176,0.2785846855835052
ANKRD35---Cluster1,0.66,0.44345238095238093,0.4557109557109557,0.44769330734243007,0.4906759906759907,0.7833485923360873
ANKRD45---Cluster1,0.5,0.4666666666666667,0.464349376114082,0.4637494637494638,0.4010695187165775,0.29985343407015347
ANKRD5---Cluster1,0.64,0.5099206349206349,0.5125,0.5065789473684211,0.55625,0.8199889820686646
ANKRD9---Cluster2,0.78,0.6590909090909092,0.5979020979020979,0.6102055279943304,0.7226107226107226,0.8973117659129537
AOX1---Cluster1,0.7,0.55,0.5466200466200466,0.5479204339963833,0.682983682983683,0.8945930106853329
APITD1---Cluster1,0.54,0.5257648953301127,0.5294117647058824,0.5166036149642708,0.6268382352941176,0.5070513199264137
APOBEC3C,0.66,0.5857142857142857,0.5892857142857143,0.5871782418649831,0.5952380952380953,0.7449249808897034
APOC2---Cluster1,0.66,0.5998217468805704,0.6111111111111112,0.6026180458158018,0.6468253968253969,0.8036298196504644
AQP4,0.72,0.6309523809523809,0.6447368421052632,0.6361746361746362,0.7127192982456141,0.8889314238608965
AQP5---Cluster1,0.72,0.5691056910569106,0.5594405594405594,0.5625,0.6736596736596736,0.8783017695634334
ARC,0.72,0.6247086247086246,0.6112266112266113,0.6162280701754386,0.6507276507276507,0.8277475895325159
ARHGEF19,0.64,0.6274509803921569,0.6174055829228242,0.6179966044142614,0.7093596059113301,0.733093849335273
ARL11---Cluster2,0.54,0.5128676470588236,0.5114942528735632,0.5066495066495066,0.4893267651888342,0.5905845987718413
ARL4C---Cluster1,0.74,0.7451923076923077,0.7597623089983021,0.7373737373737373,0.801358234295416,0.8227964256975544
ARMCX2,0.58,0.5625,0.5591133004926109,0.5586380832282472,0.5894909688013137,0.6417189779085528
ARSA---Cluster1,0.54,0.49660441426146007,0.4963235294117647,0.4945054945054945,0.5330882352941176,0.7199661209112723
ARSD,0.66,0.6239388794567062,0.6341911764705883,0.6263736263736264,0.5762867647058825,0.6952054290727534
ATP10D,0.56,0.5098039215686274,0.5098039215686274,0.5098039215686274,0.5365418894830659,0.42815344387741583
ATP5G3,0.6,0.4973262032085562,0.49593495934959353,0.4802494802494802,0.46070460704607047,0.211303564160707
ATP6V1G2,0.48,0.47665056360708535,0.47665056360708535,0.47665056360708535,0.4975845410628019,0.49646936252621
AVIL,0.7,0.6030701754385965,0.5977130977130978,0.6000000000000001,0.6340956340956341,0.8387717445010765
B3GNT8,0.58,0.5415800415800416,0.5333333333333333,0.5251017639077341,0.5958333333333333,0.6683745169499317
BACE2---Cluster1,0.7,0.6436314363143631,0.5974264705882353,0.6,0.6102941176470588,0.7048399129721611
BAK1---Cluster1,0.68,0.5664335664335665,0.5592515592515592,0.5614035087719298,0.6091476091476091,0.7932525261868999
BATF2,0.58,0.5957792207792207,0.6001697792869269,0.5784825371336813,0.6893039049235994,0.8046215794514915
BEST3,0.52,0.475,0.47023809523809523,0.46524064171123,0.4365079365079365,0.2561394347307948
BGN---Cluster1,0.44,0.4621578099838969,0.44522144522144524,0.40577249575551777,0.36596736596736595,0.22195648554344205
BLOC1S1---Cluster1,0.66,0.5197368421052632,0.520979020979021,0.5200451722190853,0.6666666666666666,0.8889524236276882
BST2---Cluster1,0.76,0.6477272727272727,0.5855263157894737,0.5934959349593496,0.6929824561403509,0.8882327429406277
BTBD6,0.52,0.4476190476190476,0.4509803921568627,0.4485294117647059,0.3493761140819964,0.3327498131827913
BVES,0.7,0.7085385878489326,0.703525641025641,0.6989160979526294,0.717948717948718,0.7101828872672196
C10orf10,0.74,0.5748440748440748,0.6363636363636364,0.5776478232618583,0.7159090909090909,0.9293417287334758
C10orf107,0.78,0.6666666666666667,0.6305361305361306,0.6426250812215725,0.8158508158508159,0.942861414450344
C10orf35---Cluster2,0.58,0.5459770114942528,0.5555555555555556,0.5384615384615385,0.5476190476190476,0.7717842276140087
C10orf81,0.5,0.5048309178743962,0.5048701298701299,0.49979991996798717,0.4951298701298701,0.4767466663362366
C11orf63,0.78,0.6490514905149052,0.6375,0.6426250812215725,0.6975,0.8949467483069841
C11orf9---Cluster1,0.58,0.5392156862745098,0.5381944444444444,0.5384615384615384,0.5355902777777777,0.6415368037906515
C13orf29---Cluster1,0.72,0.6452762923351159,0.6899766899766899,0.6527777777777778,0.7412587412587412,0.9114410040701385
C14orf106---Cluster1,0.76,0.6625,0.6425438596491229,0.6503496503496503,0.5548245614035088,0.7908137645404909
C15orf48,0.88,0.7159090909090908,0.7159090909090908,0.7159090909090908,0.6856060606060606,0.9358622933008787
C16orf45,0.52,0.5324675324675324,0.5333333333333333,0.5192307692307693,0.5499999999999999,0.5300728184768141
C1orf135---Cluster1,0.54,0.5418679549114331,0.5416666666666667,0.5398159263705482,0.578525641025641,0.6028022703024057
C1orf135---Cluster2,0.54,0.49835796387520526,0.4978070175438597,0.47987336047037543,0.48026315789473684,0.23573892487816017
C1orf59---Cluster2,0.6,0.5686274509803921,0.565365025466893,0.5659722222222222,0.6213921901528014,0.7579886190883561
C1orf74---Cluster1,0.5,0.42500000000000004,0.3504983388704319,0.3658041603247083,0.2691029900332226,0.10501929958586305
C1orf85,0.64,0.6215277777777778,0.6166666666666667,0.6179966044142614,0.6666666666666666,0.762332593838777
C1QTNF2---Cluster1,0.52,0.5008210180623973,0.5008488964346349,0.5,0.4923599320882852,0.4163539623698789
C1S---Cluster1,0.66,0.5285714285714286,0.5446428571428572,0.5200451722190853,0.6190476190476191,0.9103299235463144
C20orf195---Cluster2,0.66,0.6128472222222222,0.6238095238095238,0.6155585707824514,0.6838095238095239,0.7927492020611658
C3orf15,0.6,0.49080882352941174,0.48750000000000004,0.48024948024948017,0.5275000000000001,0.3073870010826532
C3orf52---Cluster1,0.62,0.6159420289855072,0.6168831168831169,0.6161616161616161,0.6168831168831169,0.6603946865235368
C4orf39,0.72,0.6285714285714286,0.6573426573426573,0.6361746361746361,0.6853146853146853,0.36114173407084965
C5orf25,0.58,0.5899830220713073,0.5849358974358975,0.5757575757575757,0.5897435897435896,0.6153516581650808
C5orf32---Cluster1,0.72,0.6558265582655827,0.6095238095238095,0.6162280701754386,0.6799999999999999,0.49471444988865265
C6orf141---Cluster1,0.72,0.6475694444444444,0.7124999999999999,0.6527777777777777,0.6625000000000001,0.8916934167620466
C6orf15,0.64,0.6347402597402598,0.6347402597402598,0.6347402597402598,0.7126623376623377,0.7623679406369689
C6orf57---Cluster1,0.66,0.44345238095238093,0.4557109557109557,0.44769330734243007,0.4825174825174825,0.29883923040605065
C7orf23,0.7,0.5977130977130978,0.6030701754385965,0.6000000000000001,0.7127192982456141,0.8929837503523955
C7orf31,0.68,0.6833333333333333,0.6762820512820513,0.6753246753246753,0.6506410256410255,0.6698763230801772
C7orf46---Cluster1,0.66,0.6188811188811189,0.5885416666666666,0.587178241864983,0.5416666666666666,0.6654590450476985
C8orf38---Cluster1,0.66,0.6205821205821206,0.6006944444444444,0.6026180458158018,0.671875,0.7879078807301787
C8orf79,0.68,0.5043859649122807,0.5059523809523809,0.5,0.6577380952380952,0.9241216049322611
C9orf167---Cluster1,0.42,0.40909090909090906,0.40804597701149425,0.40840473276213785,0.5238095238095238,0.6877186404928246
C9orf40---Cluster2,0.58,0.5762987012987013,0.5756843800322061,0.5757575757575757,0.6409017713365539,0.6437219312483538
C9orf68,0.8,0.6612466124661247,0.6612466124661247,0.6612466124661247,0.7479674796747968,0.9346499254238207
C9orf89---Cluster2,0.64,0.6083333333333334,0.6194852941176471,0.609375,0.5533088235294118,0.3973200956852059
CA3---Cluster1,0.58,0.5285714285714286,0.5260416666666666,0.525101763907734,0.5711805555555556,0.6803046239505978
CACNG2---Cluster2,0.72,0.6124661246612466,0.5862785862785863,0.5920745920745921,0.6943866943866944,0.5136995359170664
CALCRL,0.72,0.6573426573426573,0.6285714285714286,0.6361746361746361,0.6228571428571429,0.48738645409676323
CAP2,0.64,0.597623089983022,0.6095238095238096,0.5989304812834224,0.6476190476190475,0.8302974376166783
CAPG,0.68,0.575,0.5595238095238095,0.5614035087719298,0.626984126984127,0.8452325893609791
CARD9---Cluster1,0.66,0.5457380457380457,0.5482456140350878,0.5466666666666667,0.6469298245614035,0.8805234142268425
CCDC65,0.66,0.6176470588235294,0.6140819964349375,0.6155585707824514,0.7183600713012478,0.8659209348835923
CCR1,0.46,0.4545454545454546,0.45491143317230276,0.45454545454545453,0.536231884057971,0.6149223370443511
CCR7,0.58,0.5023310023310024,0.5017361111111112,0.4900437105390967,0.638888888888889,0.8157153586882273
CD248,0.7,0.6030701754385965,0.5977130977130978,0.6000000000000001,0.6403326403326404,0.8128121667656758
CD300LF,0.62,0.6133004926108374,0.612012987012987,0.6124031007751938,0.6753246753246753,0.7406815874810977
CD4,0.72,0.6621392190152802,0.7226107226107226,0.6666666666666667,0.7622377622377622,0.8884450899715037
CD44---Cluster2,0.68,0.6091476091476091,0.6000000000000001,0.6031746031746031,0.5942857142857143,0.5058143049383627
CD48,0.72,0.5803571428571428,0.5592105263157895,0.5625,0.6491228070175439,0.839663539860767
CD83---Cluster1,0.72,0.5691056910569106,0.5594405594405594,0.5625,0.717948717948718,0.9125379572946909
CD93---Cluster1,0.66,0.5933786078098472,0.6375,0.587178241864983,0.59,0.8129405274660411
CEBPD---Cluster1,0.62,0.6001642036124795,0.6059027777777778,0.6006725514922238,0.6944444444444444,0.6099304960771286
CEBPG---Cluster1,0.54,0.49166666666666664,0.48960498960498966,0.47987336047037543,0.47609147609147606,0.26159117274501886
CHAC1---Cluster1,0.64,0.6239737274220033,0.6281833616298811,0.625,0.6196943972835314,0.7268870603820292
CHAF1B,0.72,0.7232597623089982,0.711755233494364,0.7126436781609196,0.822866344605475,0.8532778521825288
CHI3L2---Cluster1,0.78,0.7716468590831917,0.7666666666666666,0.7688104245481295,0.78,0.814239202802838
CHL1,0.6,0.5659722222222222,0.5659722222222222,0.5659722222222222,0.6371527777777778,0.7858220512273721
CHRNA9---Cluster1,0.54,0.5384615384615384,0.538647342995169,0.5383380168606985,0.4847020933977455,0.584102756910406
CIB2,0.58,0.5885668276972624,0.5916666666666667,0.5784825371336813,0.6033333333333333,0.7004653436584535
CIITA---Cluster1,0.72,0.5382059800664452,0.5268065268065268,0.5257452574525745,0.641025641025641,0.8885047343095486
CISH,0.54,0.4864176570458404,0.4841269841269842,0.47987336047037543,0.4593253968253968,0.35250253890549355
CLDN1,0.6,0.594551282051282,0.6024305555555556,0.5894909688013136,0.609375,0.7527315686407265
CLEC12A,0.6,0.5257936507936508,0.5238970588235294,0.5238095238095238,0.6102941176470589,0.7224642572032518
CLEC2B---Cluster1,0.56,0.5104166666666666,0.5110294117647058,0.5098039215686275,0.5257352941176471,0.7069594283171711
CLN6---Cluster3,0.76,0.6177156177156178,0.6368563685636857,0.625,0.7940379403794038,0.9528019524483625
CMBL---Cluster1,0.74,0.6293859649122807,0.6375291375291375,0.6329757199322417,0.7342657342657343,0.5486543869371194
COL12A1---Cluster1,0.64,0.6312399355877616,0.6383701188455009,0.6305418719211823,0.635823429541596,0.7002653363040248
COL6A1---Cluster2,0.42,0.39448051948051943,0.3761904761904762,0.37794937794937794,0.3676190476190476,0.25594201271403905
COL8A1,0.62,0.5916666666666667,0.5980392156862745,0.5924495924495924,0.6060606060606061,0.7448210505866124
COLEC11---Cluster1,0.62,0.5552584670231729,0.5615079365079365,0.5558672276764843,0.6567460317460317,0.8304135715955976
CPA4---Cluster1,0.82,0.7159468438538206,0.6625000000000001,0.6810772501771793,0.745,0.9185886296767787
CPA6,0.7,0.625,0.5952380952380952,0.6,0.5752380952380952,0.7498160810475807
CROT---Cluster2,0.74,0.623015873015873,0.6680216802168022,0.6329757199322417,0.6531165311653118,0.8652171159193341
CSRP1---Cluster1,0.6,0.575,0.578125,0.5755517826825127,0.6493055555555555,0.800379346180498
CTSC,0.6,0.5659722222222222,0.5659722222222222,0.5659722222222222,0.5868055555555556,0.6868559130141119
CUL1,0.68,0.6158088235294117,0.625,0.6190476190476191,0.6111111111111112,0.7531003302605108
CYP2S1---Cluster2,0.32,0.32,0.3188405797101449,0.3189102564102564,0.34782608695652173,0.37820265249341756
CYP7B1,0.54,0.4797794117647059,0.48039215686274506,0.47987336047037543,0.5276292335115864,0.6928721244520006
CYR61,0.48,0.49198717948717946,0.4875,0.43576388888888884,0.58,0.3346210852762157
DCHS1---Cluster1,0.46,0.45999999999999996,0.4565972222222222,0.44920440636474906,0.47222222222222227,0.440482564309168
DCTD---Cluster1,0.64,0.5333333333333333,0.5407925407925408,0.5322245322245323,0.6340326340326341,0.8802842926938036
DDX43,0.66,0.6333333333333333,0.642602495543672,0.6353496353496353,0.6256684491978609,0.7798502654319688
DEDD2---Cluster1,0.68,0.5,0.5,0.5000000000000001,0.6125,0.8657666872017151
DEPDC1---Cluster1,0.7,0.5745614035087719,0.5792540792540792,0.5765104460756634,0.62004662004662,0.3804053659074113
DHX58,0.7,0.6927083333333333,0.6822660098522167,0.6847414880201765,0.6995073891625616,0.7210638862519829
DIRAS3---Cluster1,0.56,0.537842190016103,0.5547785547785548,0.5098039215686274,0.585081585081585,0.8157146785401761
DMBX1,0.7,0.46726190476190477,0.4701897018970189,0.4684620836286321,0.5176151761517616,0.8553890817284997
DNMT3A---Cluster2,0.58,0.4904761904761905,0.49007936507936506,0.4900437105390967,0.45634920634920634,0.6792999339252987
DOK2,0.72,0.6285714285714286,0.6573426573426573,0.6361746361746361,0.6736596736596736,0.8602282979861476
DOK5---Cluster1,0.72,0.6000000000000001,0.587719298245614,0.592074592074592,0.6008771929824561,0.8330723826483974
DPP7---Cluster1,0.78,0.6375,0.6490514905149052,0.6426250812215725,0.6910569105691057,0.8992133073484381
DSE---Cluster1,0.62,0.5190476190476191,0.5219298245614035,0.5180111618467782,0.5899122807017544,0.817813258489517
DUSP1---Cluster2,0.7,0.5175438596491229,0.526578073089701,0.5126705653021443,0.5149501661129569,0.8858079298042314
DUSP23,0.46,0.43333333333333335,0.432088285229202,0.43253467843631777,0.4312393887945671,0.3647410663755649
EFCAB1---Cluster1,0.58,0.5257352941176471,0.5249554367201427,0.5251017639077341,0.5347593582887701,0.6764700753156493
EFEMP1---Cluster1,0.82,0.7159468438538206,0.6625000000000001,0.6810772501771793,0.8,0.9463984910191277
EFEMP2---Cluster1,0.74,0.6701631701631701,0.6448412698412699,0.6533333333333333,0.7142857142857143,0.8578217196332623
EFNB2---Cluster1,0.68,0.6682769726247987,0.6862745098039216,0.6666666666666666,0.7254901960784312,0.6217218499223144
EGLN2---Cluster1,0.54,0.5311986863711001,0.5308441558441558,0.5308037535699714,0.5422077922077922,0.5880542917889698
EHD2---Cluster2,0.42,0.4014778325123153,0.4,0.4005787515502274,0.3866666666666667,0.5326228307068768
EHD3---Cluster2,0.52,0.4811165845648604,0.47609147609147606,0.46524064171123,0.39501039501039503,0.28684239804680556
ELL3---Cluster1,0.46,0.46634615384615385,0.46256684491978606,0.4492044063647491,0.4224598930481283,0.6157007302138369
EMILIN2---Cluster2,0.6,0.5051975051975053,0.5047619047619047,0.5039682539682541,0.3771428571428571,0.3092137864955481
EMP2---Cluster1,0.58,0.5591133004926109,0.5625,0.5586380832282472,0.564236111111111,0.4423769484468936
EMP3---Cluster1,0.74,0.6048951048951049,0.6125,0.6081977094635322,0.6625000000000001,0.8846189391845505
ENG---Cluster1,0.68,0.5595238095238095,0.575,0.5614035087719298,0.63625,0.8508768734128802
EPHA2---Cluster1,0.76,0.5535714285714286,0.5535714285714286,0.5535714285714286,0.7023809523809524,0.922833395496055
EREG---Cluster2,0.72,0.6286764705882353,0.675,0.6361746361746361,0.7475,0.9311048593272485
ERRFI1,0.72,0.711038961038961,0.7166666666666666,0.7126436781609196,0.7266666666666667,0.5909926880850493
EYA2---Cluster2,0.36,0.36038961038961037,0.3621794871794872,0.358974358974359,0.3782051282051282,0.49199244485068166
F13A1---Cluster1,0.82,0.7168021680216803,0.7,0.7076023391812866,0.6775,0.8847642416722643
F2RL2---Cluster1,0.64,0.5704099821746881,0.5821205821205822,0.5714285714285715,0.6694386694386694,0.8229785602779418
FAH---Cluster1,0.62,0.5396825396825397,0.5380952380952381,0.5386109762020398,0.6304761904761904,0.8165562874531246
FAIM---Cluster1,0.68,0.6158088235294117,0.625,0.6190476190476191,0.5753968253968255,0.7759615740077761
FAIM3---Cluster1,0.62,0.5833333333333333,0.5713073005093379,0.5703301673450927,0.5806451612903225,0.6371827250782148
FAM111A,0.62,0.5396825396825397,0.5380952380952381,0.5386109762020398,0.5314285714285715,0.35482210592121005
FAM114A1---Cluster2,0.74,0.6246612466124661,0.6008771929824561,0.6081977094635322,0.6973684210526316,0.8555658533969519
FAM124B---Cluster1,0.6,0.5238970588235294,0.5257936507936508,0.5238095238095238,0.5912698412698413,0.8095855773169589
FAM19A3---Cluster2,0.46,0.44227504244482174,0.44480519480519476,0.44191814799503926,0.5422077922077921,0.6469061190369056
FAM3C,0.52,0.49837662337662336,0.49816176470588236,0.49066213921901525,0.5992647058823529,0.801190219427914
FAM50B,0.66,0.489159891598916,0.49122807017543857,0.4876431585292345,0.6666666666666667,0.8914101059911957
FAM89A---Cluster1,0.66,0.6672077922077921,0.6658615136876006,0.6598639455782312,0.7020933977455717,0.6670842187548164
FBXO17---Cluster1,0.64,0.5125,0.5099206349206349,0.5065789473684211,0.5555555555555556,0.7395723590273541
FBXO4---Cluster1,0.68,0.6292335115864527,0.638095238095238,0.6323529411764706,0.6028571428571429,0.7259717622179468
FBXO6---Cluster1,0.58,0.5853858784893268,0.5833333333333333,0.5784825371336813,0.5737179487179487,0.6186663589287068
FGF1---Cluster1,0.72,0.6247086247086246,0.6112266112266113,0.6162280701754386,0.7629937629937631,0.910819220300747
FGFBP2,0.58,0.5800000000000001,0.5801282051282051,0.5798319327731092,0.576923076923077,0.5957703635416266
FHL3---Cluster1,0.72,0.5594405594405594,0.5691056910569106,0.5625,0.7425474254742547,0.9312138734413496
FHOD1,0.68,0.5813492063492064,0.5899122807017544,0.5841995841995842,0.6030701754385964,0.4032220101748977
FIBIN,0.48,0.48631239935587756,0.4860426929392447,0.47916666666666663,0.458128078817734,0.4368542849724477
FKBP5---Cluster1,0.56,0.5229202037351443,0.5240641711229946,0.5225694444444444,0.5748663101604278,0.724829825952649
FKBP9---Cluster1,0.78,0.6375,0.6490514905149052,0.6426250812215725,0.6964769647696477,0.9126370966442471
FLNB---Cluster1,0.5,0.433786078098472,0.4144736842105263,0.415614773258532,0.47368421052631576,0.28054599859267376
FLNC---Cluster1,0.76,0.6041666666666667,0.5875,0.5934959349593496,0.7050000000000001,0.891381322078203
FN1---Cluster1,0.54,0.5308441558441558,0.5311986863711001,0.5308037535699714,0.5041050903119869,0.6073221181752747
FNDC3B---Cluster1,0.76,0.6547619047619048,0.6140350877192983,0.625,0.8157894736842105,0.9423922008989228
FOXD1---Cluster1,0.64,0.6362179487179487,0.6416666666666666,0.6347402597402596,0.7250000000000001,0.6150253243734599
FOXJ1---Cluster1,0.78,0.6160714285714286,0.6056910569105691,0.6102055279943303,0.7018970189701897,0.9206132147167303
FSTL1---Cluster1,0.72,0.5691056910569106,0.5594405594405594,0.5625,0.6456876456876457,0.8427539825783386
FUCA2,0.58,0.5811688311688312,0.5800000000000001,0.5784825371336814,0.6184,0.5884196677305625
FXYD1,0.7,0.556910569105691,0.5460526315789473,0.5479204339963833,0.5767543859649124,0.8021106566872755
FZD6---Cluster1,0.6,0.5348047538200339,0.5477855477855478,0.5238095238095237,0.6550116550116549,0.874933867847196
FZD7,0.7,0.6142857142857143,0.631578947368421,0.619482496194825,0.6535087719298246,0.5064431919503629
GAL3ST4---Cluster2,0.64,0.6179966044142615,0.6179966044142615,0.6179966044142615,0.5959252971137522,0.6506880861198991
GALC,0.52,0.512987012987013,0.512987012987013,0.512987012987013,0.586038961038961,0.5824143916124798
GALM,0.62,0.6142857142857143,0.5974025974025974,0.5924495924495925,0.612012987012987,0.6565768702481483
GALNT14---Cluster1,0.56,0.5416666666666666,0.5416666666666666,0.5416666666666666,0.5700000000000001,0.5172948770049987
GALNT5---Cluster1,0.7,0.5745614035087719,0.5792540792540792,0.5765104460756634,0.6573426573426573,0.8606072418102748
GALR1---Cluster2,0.54,0.4632352941176471,0.46190476190476193,0.4623655913978495,0.4114285714285714,0.3196316666140391
GAS2L3,0.5,0.4215686274509804,0.41269841269841273,0.415614773258532,0.4642857142857143,0.27396847425495896
GBE1---Cluster1,0.52,0.49425287356321834,0.49376114081996436,0.4906621392190152,0.5401069518716577,0.6635629736000132
GBP3,0.7,0.5478170478170479,0.5684523809523809,0.5479204339963833,0.5833333333333334,0.8572511353672131
GBP4---Cluster1,0.52,0.5073891625615763,0.5073891625615763,0.5073891625615763,0.45812807881773404,0.5966213125566006
GCH1---Cluster1,0.58,0.572463768115942,0.575,0.5716034271725826,0.5858333333333333,0.5109833940666454
GDF15---Cluster2,0.58,0.5459770114942528,0.5555555555555556,0.5384615384615385,0.5634920634920636,0.7898412010966441
GFPT2---Cluster1,0.64,0.6298701298701299,0.6333333333333333,0.6305418719211822,0.6916666666666668,0.7111452665773733
GHDC---Cluster1,0.62,0.5695187165775402,0.5716911764705883,0.5703301673450928,0.5202205882352942,0.6667796545247917
GNG12,0.74,0.6746880570409982,0.7149122807017544,0.6843127731908694,0.7412280701754387,0.45716101848824964
GNPNAT1,0.62,0.5178571428571428,0.5187110187110187,0.5180111618467782,0.6548856548856549,0.39479047724750727
GPD1---Cluster1,0.58,0.5811688311688312,0.5800000000000001,0.5784825371336814,0.6128,0.6883072425307842
GPNMB---Cluster1,0.68,0.6091476091476091,0.6000000000000001,0.6031746031746031,0.5866666666666667,0.7584172320886661
GPR128,0.74,0.575,0.5813008130081301,0.5776478232618583,0.7642276422764229,0.9431092624468556
GPR17---Cluster1,0.58,0.47610294117647056,0.46969696969696967,0.467275494672755,0.4615384615384615,0.8152717594530589
GPR176,0.52,0.5032467532467533,0.5034722222222222,0.5,0.592013888888889,0.7518588702901305
GPR180---Cluster2,0.64,0.5821205821205822,0.5704099821746881,0.5714285714285715,0.5597147950089126,0.7080693835957238
GPR27,0.62,0.6137820512820513,0.6265597147950089,0.6072757337742869,0.6488413547237077,0.5052708966384115
GZMB---Cluster1,0.56,0.5487012987012987,0.55,0.548440065681445,0.5708333333333333,0.6725306269992691
H1F0,0.58,0.5756843800322061,0.5762987012987013,0.5757575757575757,0.6233766233766234,0.6685518749779547
HAND2---Cluster2,0.64,0.6987522281639929,0.6893039049235994,0.6394230769230769,0.7249575551782682,0.5301598415075545
HDDC3,0.64,0.4375,0.4375,0.4375,0.525,0.2203877413436237
HERC5,0.6,0.610305958132045,0.6162988115449914,0.5974235104669887,0.6791171477079797,0.5975533871464271
HFE,0.84,0.7275747508305648,0.6856368563685638,0.7023809523809523,0.8102981029810299,0.9204977077459937
HGF---Cluster1,0.6,0.5977564102564102,0.599025974025974,0.5974235104669887,0.6071428571428571,0.6583813790050081
HIST1H2BH---Cluster1,0.62,0.5187110187110187,0.5178571428571428,0.5180111618467782,0.6031746031746033,0.8391829318498627
HIST1H2BJ---Cluster1,0.62,0.5409982174688057,0.5504385964912281,0.5386109762020398,0.5767543859649124,0.8095421976563607
HIST1H2BK---Cluster3,0.64,0.4755244755244755,0.4755244755244755,0.4755244755244755,0.30536130536130535,0.258110574050203
HIST1H4J,0.48,0.46875,0.47275641025641024,0.45833333333333337,0.47596153846153855,0.4660725876649157
HOPX---Cluster1,0.66,0.5706860706860707,0.5674603174603174,0.5687468290208016,0.5734126984126984,0.7572316924085327
HOXB9---Cluster2,0.6,0.599025974025974,0.5977564102564102,0.5974235104669887,0.5400641025641025,0.529594303592225
HOXC10---Cluster1,0.58,0.46673596673596673,0.46825396825396826,0.4672754946727549,0.4801587301587302,0.7735840096953912
HPD---Cluster1,0.78,0.6958041958041958,0.6842105263157895,0.68944099378882,0.7412280701754386,0.8994322646700373
HPDL---Cluster1,0.72,0.6247086247086246,0.6112266112266113,0.6162280701754386,0.6652806652806653,0.8484800747255111
HPS1---Cluster1,0.68,0.580952380952381,0.5990675990675991,0.5841995841995842,0.5454545454545454,0.8148939181785596
HPS3---Cluster1,0.8,0.6704545454545454,0.6125,0.6279761904761905,0.75,0.9159424404596812
HRASLS,0.54,0.5322061191626409,0.5333333333333333,0.5308037535699714,0.5366666666666666,0.6694859761632015
HS3ST3B1---Cluster2,0.46,0.4581320450885668,0.45833333333333337,0.45804897631473307,0.41025641025641035,0.42504769229027023
HSD17B7P2---Cluster1,0.5,0.43452380952380953,0.44397283531409165,0.4346449570330167,0.44651952461799665,0.3779060105838713
HSD3B7---Cluster1,0.5,0.5,0.5,0.49979991996798717,0.4310897435897436,0.46928071667597754
HSPA1A---Cluster1,0.42,0.4339774557165862,0.42463235294117646,0.4084047327621379,0.40625,0.28149896127859536
HSPB2---Cluster2,0.62,0.5,0.5,0.4933333333333333,0.4952380952380952,0.6739601472096741
HSPB6,0.46,0.4399350649350649,0.4340463458110517,0.43253467843631777,0.4509803921568628,0.6799331024235091
HYAL2---Cluster1,0.66,0.6011029411764706,0.6047619047619048,0.6026180458158018,0.5580952380952381,0.7398734739477897
IFI44,0.6,0.4172494172494173,0.4172494172494173,0.41724941724941733,0.5244755244755245,0.8270172108375287
IFIH1---Cluster1,0.68,0.6031746031746031,0.6031746031746031,0.6031746031746031,0.6825396825396826,0.8765918226613613
IFITM2,0.54,0.5551948051948051,0.5577249575551783,0.5383380168606986,0.5959252971137522,0.6975067615852084
IGF2BP3---Cluster1,0.62,0.6168831168831169,0.6159420289855072,0.6161616161616161,0.5861513687600645,0.5531259086678735
IGFBP5---Cluster2,0.7,0.65625,0.6714285714285715,0.66078697421981,0.6819047619047619,0.5716841299640988
IGFBP6---Cluster3,0.74,0.6008771929824561,0.6246612466124661,0.6081977094635322,0.575880758807588,0.8401977986811637
IL17B---Cluster1,0.64,0.5203252032520325,0.5142857142857143,0.506578947368421,0.5428571428571429,0.773629457652377
IL1R2,0.7,0.6170634920634921,0.6226611226611227,0.619482496194825,0.5997920997920998,0.7786001787931145
IL2RA---Cluster1,0.56,0.5512820512820513,0.5634920634920635,0.533106960950764,0.5753968253968255,0.7767624470435203
IL2RG---Cluster1,0.64,0.5821205821205822,0.5704099821746881,0.5714285714285715,0.6042780748663101,0.429547070463286
IL32,0.58,0.5492359932088284,0.5503472222222222,0.5495495495495496,0.6545138888888888,0.7341591036516082
ILVBL---Cluster1,0.58,0.5811688311688312,0.5800000000000001,0.5784825371336814,0.5952000000000001,0.6625680179516273
IMPACT---Cluster1,0.72,0.6121323529411764,0.6815476190476191,0.6162280701754387,0.6220238095238095,0.8974655948941496
IRAK3---Cluster1,0.68,0.46853146853146854,0.45514950166112955,0.4579945799457994,0.4950166112956811,0.8893073002840551
IRF1,0.64,0.625,0.625,0.625,0.6366666666666666,0.5065788504448443
IRF7---Cluster2,0.46,0.39134125636672323,0.35964912280701755,0.3688639551192146,0.337719298245614,0.21093778499593568
ISG20,0.6,0.44988344988344986,0.4553014553014553,0.45175438596491235,0.5384615384615385,0.7963316494652688
ISYNA1---Cluster1,0.62,0.4937629937629938,0.4934210526315789,0.49333333333333335,0.5307017543859649,0.8071119973385075
ITGA4,0.42,0.4118589743589744,0.3952380952380952,0.3905002101723414,0.36190476190476195,0.2565785063858787
ITGB4---Cluster2,0.66,0.489159891598916,0.49122807017543857,0.4876431585292345,0.4692982456140351,0.2454250663970814
ITGB5,0.52,0.4913194444444444,0.49166666666666664,0.49066213921901525,0.4566666666666666,0.5905779286381451
ITGB7,0.68,0.5043859649122807,0.5059523809523809,0.5,0.6116071428571428,0.8677907200183361
ITGBL1---Cluster1,0.72,0.6558265582655827,0.6095238095238095,0.6162280701754386,0.681904761904762,0.8334113470053471
JUP,0.6,0.5902777777777778,0.5844155844155844,0.5833333333333333,0.6185064935064936,0.5942170412039617
KCNA4---Cluster1,0.54,0.5432692307692308,0.5443349753694582,0.5383380168606986,0.5878489326765189,0.5498100824146765
KCNE1L---Cluster1,0.52,0.5192307692307692,0.5192307692307692,0.5192307692307692,0.46955128205128205,0.529421927646204
KCNE3---Cluster1,0.76,0.682983682983683,0.6632016632016633,0.6710526315789473,0.6548856548856549,0.8544760774448784
KCNIP3---Cluster2,0.8,0.5745257452574526,0.6222222222222222,0.584717607973422,0.7822222222222223,0.23761904761904762
KCTD4,0.64,0.5081585081585082,0.5072765072765073,0.506578947368421,0.5613305613305614,0.3246532487587944
KCTD9---Cluster1,0.74,0.6764705882352942,0.6995841995841996,0.6843127731908694,0.683991683991684,0.7964016833698021
KDELR3---Cluster1,0.64,0.6247987117552335,0.6476190476190475,0.6179966044142613,0.7295238095238095,0.8889606172724633
KIAA0040---Cluster1,0.46,0.4483065953654189,0.4535256410256411,0.44191814799503926,0.5224358974358975,0.583134621691521
KIAA1377,0.56,0.535303776683087,0.5383244206773619,0.533106960950764,0.5668449197860963,0.3710626377038219
KLHL6---Cluster1,0.78,0.7016632016632016,0.7127192982456141,0.7066666666666667,0.8157894736842105,0.9043297551896042
LAMA2,0.54,0.5405844155844155,0.54,0.5383380168606985,0.5344,0.5813003487538086
LAMA4---Cluster1,0.6,0.5977564102564102,0.599025974025974,0.5974235104669887,0.6558441558441559,0.7426574885758438
LAMC1,0.52,0.47609147609147606,0.4811165845648604,0.46524064171123,0.48111658456486045,0.4839964233048059
LATS2---Cluster1,0.78,0.7124999999999999,0.6767151767151767,0.6894409937888198,0.7505197505197505,0.8884283542262206
LCTL---Cluster2,0.52,0.5333333333333333,0.5324675324675324,0.5192307692307693,0.6006493506493507,0.575701757628484
LDHA---Cluster1,0.66,0.6341911764705883,0.6239388794567062,0.6263736263736264,0.6061120543293719,0.7195636013662439
LGALS1,0.54,0.5322061191626409,0.5333333333333333,0.5308037535699714,0.5833333333333334,0.435097430130726
LGALS8,0.68,0.5,0.5,0.5000000000000001,0.61625,0.8442472220465921
LHFPL2---Cluster1,0.7,0.526578073089701,0.5175438596491229,0.5126705653021443,0.5482456140350878,0.782582218688493
LIF---Cluster2,0.6,0.575,0.578125,0.5755517826825127,0.6163194444444444,0.7570602399092521
LIMD1---Cluster1,0.7,0.6142857142857143,0.631578947368421,0.619482496194825,0.6710526315789475,0.8502973490034632
LITAF,0.56,0.49523809523809526,0.4955436720142603,0.494485294117647,0.5329768270944741,0.7165813211468164
LMCD1---Cluster1,0.64,0.5972222222222222,0.5850694444444444,0.5863970588235294,0.5590277777777777,0.7060344288122136
LMNA---Cluster1,0.64,0.5535714285714286,0.5535714285714286,0.5535714285714286,0.5873015873015872,0.3444647190339436
LMO2,0.68,0.40476190476190477,0.40476190476190477,0.40476190476190477,0.5565476190476191,0.9044305498167906
LOXL2---Cluster2,0.6,0.5686274509803921,0.565365025466893,0.5659722222222222,0.6714770797962648,0.7562657152098138
LOXL3---Cluster1,0.82,0.7105263157894737,0.7601626016260162,0.72875226039783,0.6937669376693767,0.8699382521398733
LRRC32,0.76,0.6995614035087719,0.6805555555555556,0.688149688149688,0.8035714285714286,0.9292933229814381
LRRC4,0.72,0.6286764705882353,0.675,0.6361746361746361,0.7075,0.4104551946826989
LRRC8E,0.66,0.5845588235294117,0.5956340956340956,0.587178241864983,0.6340956340956341,0.8318869663110797
LRRFIP1---Cluster1,0.74,0.5922619047619048,0.5722610722610723,0.5776478232618584,0.7412587412587412,0.9175598769115235
LUM,0.64,0.609375,0.609375,0.609375,0.5677083333333335,0.44596463919720764
LXN---Cluster1,0.82,0.7159468438538206,0.6625000000000001,0.6810772501771793,0.7999999999999999,0.9485273987730028
LY6E---Cluster1,0.76,0.5501355013550135,0.5614617940199336,0.5535714285714286,0.6661129568106313,0.8886256962538694
LY75---Cluster1,0.72,0.47840531561461797,0.48238482384823844,0.47916666666666663,0.5582655826558266,0.8689359080702701
LYN,0.84,0.8222222222222222,0.668997668997669,0.7023809523809524,0.7272727272727273,0.8965096240682634
LYPD5,0.42,0.42000000000000004,0.4198717948717949,0.41976790716286516,0.46314102564102566,0.5933352144704487
LYSMD4,0.58,0.5666666666666667,0.5656814449917897,0.565936337329475,0.6469622331691297,0.6018608618461394
LYZ,0.72,0.6361746361746362,0.6361746361746362,0.6361746361746362,0.7234927234927235,0.8867926957903314
MAB21L1,0.58,0.5492359932088284,0.5503472222222222,0.5495495495495496,0.640625,0.7550702550302102
MAGEC2,0.6,0.6136363636363636,0.6166666666666667,0.5993589743589743,0.6516666666666666,0.5116100501465408
MAGEE2---Cluster1,0.62,0.43640350877192985,0.42140921409214094,0.42736588306208556,0.43360433604336046,0.8207063282833648
MAP3K6---Cluster1,0.66,0.5998217468805704,0.6111111111111112,0.6026180458158018,0.5654761904761905,0.36317749589798765
MARVELD1---Cluster1,0.52,0.4876847290640394,0.4857142857142857,0.47916666666666663,0.4971428571428571,0.3213266160901267
MCM2---Cluster1,0.78,0.632890365448505,0.6,0.6102055279943303,0.6325,0.8746892319767247
MEOX2,0.7,0.6725571725571726,0.6440972222222222,0.6493688639551192,0.78125,0.8870887401233112
MESDC1---Cluster2,0.76,0.6212624584717608,0.5850815850815851,0.5934959349593496,0.6083916083916084,0.8414191037505143
MET---Cluster1,0.86,0.739202657807309,0.7142857142857143,0.7254901960784313,0.7678571428571428,0.9404739186501021
MFNG---Cluster2,0.68,0.6682769726247987,0.6862745098039216,0.6666666666666666,0.7771836007130124,0.889992544402804
MFSD7---Cluster1,0.7,0.5745614035087719,0.5792540792540792,0.5765104460756634,0.6503496503496503,0.8233198737593554
MICB,0.56,0.47198641765704585,0.44518272425249167,0.42827442827442824,0.42524916943521596,0.14992354836671512
MINA,0.6,0.5941558441558441,0.5941558441558441,0.5941558441558441,0.6071428571428571,0.5474462814779021
MIPOL1---Cluster1,0.74,0.7083333333333333,0.6047619047619047,0.6081977094635321,0.5885714285714285,0.537435113849229
MLH3,0.56,0.5383244206773619,0.535303776683087,0.533106960950764,0.5755336617405583,0.6500611915534747
MMP2---Cluster1,0.6,0.5047619047619047,0.5051975051975053,0.5039682539682541,0.4979209979209979,0.7304091053199625
MMP9---Cluster1,0.56,0.45322245322245325,0.4571428571428572,0.45436507936507936,0.5866666666666667,0.7498300817951369
MOSC2,0.76,0.6547619047619048,0.6140350877192983,0.625,0.6732456140350878,0.8581495748552761
MOXD1,0.42,0.42000000000000004,0.4131944444444444,0.40840473276213796,0.4288194444444444,0.6540266664427166
MPZ---Cluster1,0.54,0.5067911714770797,0.5069444444444444,0.5066495066495067,0.5260416666666667,0.7085852580340821
MR1,0.74,0.6375291375291375,0.6293859649122807,0.6329757199322417,0.6973684210526316,0.8788994751529837
MRPL41,0.44,0.4074675324675325,0.375,0.3761140819964349,0.3486842105263158,0.7406259382492746
MS4A6A,0.6,0.565365025466893,0.5686274509803921,0.5659722222222222,0.607843137254902,0.7840715352227166
MT2A---Cluster2,0.72,0.587719298245614,0.6000000000000001,0.592074592074592,0.645,0.8896917555468824
MT3---Cluster1,0.6,0.5828877005347594,0.5763546798029556,0.5755517826825127,0.555008210180624,0.6642445653431108
MX1,0.7,0.5745614035087719,0.5792540792540792,0.5765104460756634,0.6759906759906759,0.8971047879595224
MYBL2---Cluster1,0.72,0.6091269841269842,0.6375,0.6162280701754386,0.66,0.8812884522011202
MYO1C,0.6,0.5238095238095238,0.5238095238095238,0.5238095238095238,0.6019047619047619,0.7592152025059096
N6AMT2,0.72,0.7232597623089982,0.711755233494364,0.7126436781609196,0.7455716586151369,0.7364202910255541
NAGA---Cluster2,0.64,0.5989304812834224,0.5989304812834224,0.5989304812834224,0.6764705882352942,0.782372955805267
NANP,0.6,0.565365025466893,0.5686274509803921,0.5659722222222222,0.535650623885918,0.3921325596029827
NCAPD2---Cluster1,0.48,0.4114583333333333,0.39880952380952384,0.40257352941176466,0.41666666666666674,0.691765841530715
NCAPH---Cluster1,0.58,0.5392156862745098,0.5381944444444444,0.5384615384615384,0.5659722222222222,0.7116591351325504
NCKAP1L---Cluster1,0.78,0.4148936170212766,0.4642857142857143,0.43820224719101125,0.6309523809523809,0.9052994145187153
NDUFA12---Cluster2,0.6,0.44988344988344986,0.4553014553014553,0.45175438596491235,0.422037422037422,0.7766703645702748
NDUFS5---Cluster1,0.56,0.5432937181663837,0.541871921182266,0.5416666666666666,0.43431855500821015,0.4034263819915547
NEK11---Cluster1,0.68,0.6666666666666666,0.6666666666666666,0.6666666666666666,0.6716666666666667,0.744513711087359
NFATC4---Cluster1,0.74,0.74,0.75,0.7373737373737373,0.7741666666666667,0.769371029719151
NFE2L3---Cluster2,0.58,0.5591133004926109,0.5625,0.5586380832282472,0.59375,0.7549075198463102
NHLH1---Cluster1,0.52,0.5040257648953301,0.5047619047619047,0.49066213921901525,0.4895238095238095,0.677296432875603
NINJ1---Cluster1,0.54,0.5277777777777778,0.5225442834138486,0.5066495066495067,0.5652173913043478,0.5934261438381365
NIPSNAP3A,0.66,0.66,0.6666666666666666,0.6565656565656566,0.7216666666666667,0.7904151063465349
NLGN2---Cluster1,0.58,0.5492359932088284,0.5503472222222222,0.5495495495495496,0.6059027777777778,0.4829498204498205
NLGN2---Cluster2,0.36,0.34125636672325976,0.3494363929146538,0.34318555008210183,0.36392914653784214,0.49654957985512754
NME3---Cluster1,0.66,0.5956340956340956,0.5845588235294117,0.587178241864983,0.6433823529411764,0.4140681378566693
NMI---Cluster1,0.54,0.5574712643678161,0.5583333333333333,0.5398159263705482,0.6216666666666667,0.5679278544757864
NMUR1---Cluster1,0.62,0.5615079365079365,0.5552584670231729,0.5558672276764843,0.4919786096256684,0.645500803522551
NNAT,0.74,0.5416666666666667,0.537940379403794,0.5393338058114813,0.6558265582655827,0.9103541170968337
NNMT,0.58,0.5696095076400679,0.5665584415584416,0.565936337329475,0.538961038961039,0.601719071874429
NOD1,0.44,0.4409722222222222,0.44551282051282054,0.4318181818181819,0.4519230769230769,0.48689269165157495
NOTCH3---Cluster1,0.78,0.7357723577235773,0.6726190476190476,0.6894409937888198,0.7738095238095238,0.891240225050105
NQO1---Cluster1,0.6,0.5942028985507246,0.5960591133004927,0.5941558441558441,0.5648604269293925,0.5445130470831971
NRN1---Cluster2,0.48,0.46376811594202894,0.45714285714285713,0.44821731748726656,0.41523809523809524,0.34685276853813873
NUDT16---Cluster1,0.8,0.7046070460704608,0.675990675990676,0.6875,0.717948717948718,0.8976227883595436
NUP210---Cluster1,0.52,0.5212224108658743,0.52,0.512987012987013,0.6095999999999999,0.6750726347684184
OLFML2B---Cluster1,0.54,0.49835796387520526,0.4978070175438597,0.47987336047037543,0.4692982456140351,0.7813045627362504
OR51E2,0.66,0.625,0.6283422459893049,0.6263736263736264,0.5828877005347594,0.7068877477921675
P2RY2---Cluster2,0.72,0.587719298245614,0.6000000000000001,0.592074592074592,0.5675,0.8214549609365656
P4HA2---Cluster1,0.54,0.5083333333333333,0.5089126559714795,0.5066495066495066,0.4723707664884136,0.6386489943581706
PABPC5,0.5,0.4834558823529412,0.4855072463768116,0.47456914670029426,0.5426731078904992,0.4936900672877616
PAM,0.8,0.6612466124661247,0.6612466124661247,0.6612466124661247,0.8184281842818428,0.9529264341382463
PARVA,0.48,0.47987117552334946,0.48,0.47916666666666663,0.52,0.5971066659414351
PARVG,0.76,0.5535714285714286,0.5535714285714286,0.5535714285714286,0.6309523809523809,0.9108596664574105
PCDHB14,0.5,0.4835796387520525,0.48333333333333334,0.4832575444398512,0.5116666666666667,0.648327239175224
PCDHB3,0.52,0.5166666666666666,0.5160256410256411,0.512987012987013,0.5256410256410255,0.49729175787000773
PCDHB5,0.62,0.6105769230769231,0.6434511434511434,0.5924495924495925,0.659043659043659,0.8589997342925157
PCK2,0.7,0.6822660098522167,0.6927083333333333,0.6847414880201765,0.6875,0.5058998913165981
PCOLCE,0.68,0.5328947368421053,0.5375,0.5337995337995338,0.6025,0.8207174451381238
PDCD1LG2,0.76,0.5757575757575758,0.55,0.5535714285714286,0.6125,0.8338063133668744
PDE6B---Cluster1,0.7,0.5977130977130978,0.6030701754385965,0.6000000000000001,0.549342105263158,0.7730341396901251
PDE7B---Cluster2,0.6,0.5993589743589745,0.5993589743589745,0.5993589743589745,0.6201923076923077,0.6282675957566226
PDLIM3---Cluster1,0.42,0.38964346349745327,0.39166666666666666,0.3905002101723414,0.4616666666666666,0.3835194727786006
PDLIM4---Cluster1,0.72,0.5257452574525745,0.5257452574525745,0.5257452574525745,0.5799457994579946,0.8745874668100871
PDLIM7---Cluster1,0.5,0.5032051282051282,0.5032840722495895,0.49819349658771583,0.5147783251231527,0.46711462313548757
PEPD,0.58,0.5800000000000001,0.5811688311688312,0.5784825371336814,0.5551948051948051,0.5201149260810111
PFKFB4---Cluster1,0.72,0.5862785862785863,0.6124661246612466,0.5920745920745921,0.5934959349593496,0.2828968824414745
PHKA2---Cluster2,0.5,0.41428571428571426,0.4172794117647059,0.4156147732585321,0.3933823529411765,0.6140984775049381
PHLDA2---Cluster4,0.58,0.5591133004926109,0.5625,0.5586380832282472,0.5642361111111112,0.5385675461625755
PHTF1---Cluster1,0.6,0.48750000000000004,0.49080882352941174,0.48024948024948017,0.5992647058823529,0.7719989098192314
PHYH,0.58,0.5811688311688312,0.5800000000000001,0.5784825371336814,0.6032,0.5803653174879508
PI3,0.62,0.5815972222222222,0.5837789661319073,0.5824175824175825,0.6345811051693404,0.7444139321974657
PICK1,0.78,0.6056910569105691,0.6160714285714286,0.6102055279943303,0.625,0.8858380329575276
PIK3CD,0.74,0.5,0.5,0.49019607843137253,0.5466666666666666,0.9275138796108986
PIK3CG,0.7,0.556910569105691,0.5460526315789473,0.5479204339963833,0.6842105263157894,0.8449221974035687
PIP4K2C---Cluster1,0.8,0.7424242424242424,0.6403508771929824,0.6612466124661247,0.7149122807017544,0.8588911035118728
PLA2G5---Cluster2,0.8,0.7086247086247086,0.7086247086247086,0.7086247086247086,0.8041958041958042,0.9346460204457878
PLAC8,0.74,0.537940379403794,0.5416666666666667,0.5393338058114813,0.5416666666666667,0.8630636993794146
PLAT---Cluster1,0.54,0.5308441558441558,0.5311986863711001,0.5308037535699714,0.6403940886699508,0.7539734055852123
PLAUR,0.5,0.47453310696095075,0.475,0.47456914670029426,0.55,0.7041999216801952
PLCB2---Cluster1,0.66,0.6477832512315271,0.6499999999999999,0.6486151302190988,0.7250000000000001,0.7888371333082592
PLEKHF2---Cluster1,0.7,0.6785714285714286,0.7095238095238094,0.6782496782496782,0.8133333333333332,0.6007261892650887
PLOD2,0.78,0.7788461538461539,0.7801932367149759,0.779205138498595,0.714975845410628,0.6773670802969028
PLSCR4,0.52,0.5192307692307692,0.5192307692307692,0.5192307692307692,0.5128205128205128,0.5479659105973212
PLXDC1---Cluster1,0.76,0.6881496881496881,0.6881496881496881,0.6881496881496881,0.6444906444906444,0.7862607450015165
PLXNB1---Cluster1,0.52,0.3829365079365079,0.37061403508771934,0.37629937629937626,0.4473684210526316,0.22813891364041988
PMP22---Cluster1,0.62,0.5837789661319073,0.5815972222222222,0.5824175824175825,0.6163194444444444,0.7269117306234065
PNPLA4,0.7,0.6170634920634921,0.6226611226611227,0.619482496194825,0.7130977130977131,0.8516596767582143
POLE4,0.48,0.4642857142857143,0.47115384615384615,0.44821731748726656,0.655448717948718,0.7532721105447946
POLR1D,0.62,0.5615079365079365,0.5552584670231729,0.5558672276764843,0.6345811051693404,0.5077040917442043
POU4F1---Cluster1,0.6,0.5942028985507246,0.5960591133004927,0.5941558441558441,0.5944170771756979,0.4734695096017377
PPIA,0.78,0.6160714285714286,0.6056910569105691,0.6102055279943303,0.7181571815718157,0.9232716411704165
PPIL5---Cluster2,0.76,0.6632016632016633,0.682983682983683,0.6710526315789473,0.7156177156177156,0.8942010046560219
PRKCDBP---Cluster1,0.74,0.575,0.5813008130081301,0.5776478232618583,0.5826558265582656,0.839263461897477
PSMA7---Cluster1,0.54,0.4518716577540107,0.4407894736842105,0.44147644487615345,0.5307017543859649,0.8412859801003956
PSMB10---Cluster1,0.66,0.6006944444444444,0.6205821205821206,0.6026180458158018,0.6237006237006237,0.7980033535553792
PSMB2---Cluster1,0.62,0.5386029411764706,0.5436590436590437,0.5386109762020399,0.577962577962578,0.7730217443274445
PTGFRN,0.6,0.5659722222222222,0.5659722222222222,0.5659722222222222,0.5572916666666666,0.7238483910304243
PTP4A3,0.66,0.5207900207900208,0.525,0.5200451722190852,0.5549999999999999,0.8148740189620689
PTPN14---Cluster1,0.72,0.6162280701754386,0.6162280701754386,0.6162280701754386,0.7039473684210527,0.8908441970420864
PTPN18---Cluster2,0.82,0.7222222222222222,0.625,0.6470588235294118,0.7775,0.9430896497517719
PTPN9,0.74,0.6048951048951049,0.6125,0.6081977094635322,0.69,0.8916758289443929
PTRF,0.62,0.5380952380952381,0.5396825396825397,0.5386109762020398,0.5595238095238095,0.7567488872773379
PTTG1---Cluster1,0.6,0.565365025466893,0.5686274509803921,0.5659722222222222,0.6417112299465241,0.4296899130023374
RAB27A---Cluster1,0.64,0.6042692939244663,0.632016632016632,0.5989304812834224,0.5821205821205822,0.8195101935466225
RAB38,0.54,0.5067911714770797,0.5069444444444444,0.5066495066495067,0.5121527777777778,0.7087789925844832
RAB3D---Cluster1,0.56,0.4955436720142603,0.49523809523809526,0.494485294117647,0.5828571428571429,0.7955106234486613
RAB42,0.88,0.8273809523809523,0.7749999999999999,0.7967479674796747,0.8224999999999999,0.9471939584603868
RAC2,0.82,0.6398809523809523,0.6561461794019934,0.6470588235294118,0.6079734219269104,0.8751028661029907
RARG---Cluster1,0.56,0.546875,0.5438311688311689,0.5416666666666667,0.5633116883116883,0.6390339701379176
RARRES1---Cluster1,0.86,0.7411924119241193,0.7648809523809523,0.7519489723600283,0.8779761904761905,0.9722798450306172
RARRES3,0.78,0.6521739130434783,0.5652680652680653,0.5686274509803921,0.8321678321678322,0.9514167564831546
RASSF1---Cluster3,0.62,0.5178571428571428,0.5187110187110187,0.5180111618467782,0.5166320166320166,0.7504825746171319
RBMS1---Cluster2,0.58,0.547077922077922,0.5675990675990676,0.5251017639077341,0.5407925407925407,0.2894534097758562
RCAN2,0.64,0.5125,0.5099206349206349,0.5065789473684211,0.5158730158730158,0.738447427327783
RCN3---Cluster2,0.52,0.5112179487179487,0.5138888888888888,0.49066213921901525,0.5138888888888888,0.7266268589951133
RELN,0.58,0.5525451559934318,0.5588235294117647,0.5495495495495496,0.5716911764705882,0.5190977404711649
RFESD,0.58,0.3717948717948718,0.3625,0.36708860759493667,0.41750000000000004,0.7848625631152266
RGS16---Cluster1,0.64,0.6042692939244663,0.632016632016632,0.5989304812834224,0.6985446985446986,0.8822438261692789
RHOQ---Cluster1,0.78,0.7124999999999999,0.6767151767151767,0.6894409937888198,0.7141372141372142,0.831400108083737
RIN1---Cluster1,0.86,0.7648809523809523,0.7411924119241193,0.7519489723600283,0.7804878048780488,0.9318419058126505
RLBP1,0.8,0.668859649122807,0.7291666666666667,0.6875,0.7410714285714286,0.9359063882273485
RNASE1---Cluster1,0.68,0.5990675990675991,0.580952380952381,0.5841995841995842,0.5352380952380953,0.7161278416517071
RNASE4---Cluster1,0.74,0.6666666666666667,0.6746361746361746,0.6702181633688484,0.7172557172557172,0.8982627258041784
RNF149---Cluster1,0.62,0.5386029411764706,0.5436590436590437,0.5386109762020399,0.47401247401247404,0.3284297575353031
ROD1---Cluster1,0.58,0.5616883116883117,0.5677361853832442,0.5586380832282472,0.47593582887700536,0.3695102408939972
RRAD---Cluster1,0.72,0.6091269841269842,0.6375,0.6162280701754386,0.6124999999999999,0.8488205204722178
RRAS---Cluster2,0.54,0.4809523809523809,0.4826388888888889,0.4798733604703754,0.47916666666666663,0.4457086133643763
S100A11,0.68,0.580952380952381,0.5990675990675991,0.5841995841995842,0.6317016317016317,0.4292752940724768
S100A16---Cluster1,0.6,0.5941558441558441,0.5941558441558441,0.5941558441558441,0.6347402597402597,0.667667677526886
S100A2,0.76,0.7559523809523809,0.6580882352941176,0.6710526315789473,0.7573529411764706,0.867743539716553
S100A8,0.66,0.637987012987013,0.6619047619047619,0.6353496353496353,0.7104761904761905,0.8382465733659149
SAA1,0.56,0.5681444991789819,0.5668276972624798,0.5592948717948718,0.5636070853462157,0.6493662857324045
SAA2,0.52,0.52,0.52,0.52,0.45920000000000005,0.49066882746243
SCG5,0.54,0.5400641025641025,0.54,0.5398159263705482,0.568,0.605115186471773
SELENBP1,0.7,0.6118881118881119,0.5952380952380952,0.6000000000000001,0.6636904761904762,0.8040890980817476
SEPT9---Cluster1,0.62,0.606280193236715,0.6213235294117647,0.6006725514922236,0.5698529411764706,0.7045542927469141
SERPINA1,0.68,0.638095238095238,0.6292335115864527,0.6323529411764706,0.6327985739750446,0.7351142078972217
SERPINA3,0.58,0.5625,0.5591133004926109,0.5586380832282472,0.5730706075533661,0.629563558429511
SERPINB1---Cluster1,0.82,0.6818181818181819,0.6300813008130082,0.6470588235294118,0.7479674796747968,0.9343997257671354
SFRP1---Cluster3,0.56,0.5636672325976231,0.56,0.5535714285714286,0.6368,0.687868511078024
SFRP2---Cluster2,0.64,0.6378205128205128,0.6396103896103896,0.6376811594202898,0.6655844155844155,0.66788985303403
SFRP4---Cluster2,0.74,0.6293859649122807,0.6375291375291375,0.6329757199322417,0.6759906759906761,0.8672131454386395
SH2D4A,0.76,0.5934959349593496,0.5934959349593496,0.5934959349593496,0.6422764227642277,0.8768101912990428
SH3BGRL3---Cluster1,0.48,0.4666666666666667,0.4675324675324675,0.4663382594417077,0.45779220779220786,0.5994019680444416
SH3TC2---Cluster2,0.66,0.45,0.44579945799458,0.4476933073424302,0.467479674796748,0.8153370804425316
SHOX2---Cluster1,0.54,0.44669117647058826,0.43970893970893976,0.44147644487615345,0.5114345114345115,0.7879286824338461
SIGLEC7---Cluster1,0.48,0.47275641025641024,0.46875,0.45833333333333337,0.5588235294117647,0.7220297844177559
SIRPG,0.52,0.52,0.5201288244766505,0.5192307692307692,0.5120772946859903,0.5290096519341438
SIRT2---Cluster3,0.54,0.5551948051948051,0.5577249575551783,0.5383380168606986,0.534804753820034,0.6885604761106427
SKAP2---Cluster1,0.62,0.6185897435897436,0.6191626409017714,0.6186270574066639,0.6006441223832528,0.5314096614486603
SLAMF1---Cluster1,0.58,0.5394088669950738,0.5526315789473684,0.5251017639077341,0.5657894736842105,0.7835295672588509
SLAMF7---Cluster1,0.54,0.5679117147707979,0.5666666666666667,0.5398159263705482,0.5366666666666666,0.4179303494528105
SLAMF8---Cluster1,0.64,0.48214285714285715,0.48809523809523814,0.4755244755244755,0.5317460317460317,0.7341016529801122
SLC10A4---Cluster1,0.64,0.5863970588235294,0.5863970588235294,0.5863970588235294,0.6645220588235294,0.8038669899937472
SLC11A1---Cluster1,0.68,0.5149501661129567,0.5093555093555093,0.5,0.5696465696465696,0.818630910581123
SLC12A7---Cluster1,0.6,0.45175438596491224,0.45175438596491224,0.45175438596491224,0.5701754385964912,0.8268654662652375
SLC16A14,0.56,0.42500000000000004,0.44485294117647056,0.4282744282744283,0.3933823529411765,0.2856252198753234
SLC16A3---Cluster1,0.76,0.625,0.625,0.625,0.6925000000000001,0.9026312183348872
SLC22A5,0.76,0.682983682983683,0.6632016632016633,0.6710526315789473,0.7401247401247402,0.8942623536445484
SLC25A13---Cluster1,0.58,0.5166666666666667,0.52710027100271,0.4900437105390967,0.44715447154471544,0.18668158339561863
SLC25A20,0.66,0.5457380457380457,0.5482456140350878,0.5466666666666667,0.6491228070175438,0.8639115426095763
SLC25A43,0.56,0.5166666666666666,0.5198412698412699,0.5098039215686274,0.5376984126984127,0.7411279225972867
SLC29A1,0.8,0.7043189368770764,0.6433566433566433,0.6612466124661247,0.7086247086247086,0.8893175163633918
SLC2A10,0.74,0.6375291375291375,0.6293859649122807,0.6329757199322417,0.6425438596491228,0.8139130007750641
SLC37A4---Cluster2,0.52,0.4702886247877759,0.4666666666666667,0.4652406417112299,0.5219047619047619,0.3209815936481238
SLC44A3---Cluster1,0.76,0.6041666666666667,0.5875,0.5934959349593496,0.65,0.8871088958763071
SLC47A2,0.68,0.5841995841995842,0.5841995841995842,0.5841995841995842,0.6715176715176715,0.8585075214548732
SLFN11,0.7,0.6118881118881119,0.5952380952380952,0.6000000000000001,0.5535714285714286,0.7921390672232652
SLITRK4---Cluster1,0.54,0.41360294117647056,0.37262872628726285,0.3866666666666666,0.42547425474254746,0.8268928248897023
SLPI---Cluster1,0.66,0.6375,0.5933786078098472,0.587178241864983,0.6910016977928694,0.7999686066202422
SMO---Cluster1,0.68,0.5614035087719298,0.5614035087719298,0.5614035087719298,0.7280701754385964,0.9039859995797058
SMPD3---Cluster3,0.54,0.5373514431239388,0.5352564102564102,0.5308037535699714,0.5865384615384616,0.5643898434362576
SNRPB---Cluster2,0.54,0.5,0.5,0.4945054945054945,0.44000000000000006,0.372959271563759
SOCS2---Cluster4,0.6,0.565365025466893,0.5686274509803921,0.5659722222222222,0.5668449197860963,0.41549297515175027
SOCS3---Cluster1,0.68,0.7181571815718157,0.632183908045977,0.6190476190476191,0.6814449917898193,0.6714356641630146
SOX10---Cluster1,0.52,0.49816176470588236,0.49837662337662336,0.49066213921901525,0.577922077922078,0.654640718303031
SP100---Cluster1,0.68,0.5880758807588076,0.5619047619047619,0.5614035087719298,0.6552380952380952,0.8303418850716783
SP110,0.58,0.5083333333333333,0.5166112956810631,0.467275494672755,0.37209302325581395,0.13048515145779582
SP140---Cluster2,0.66,0.44696969696969696,0.4708939708939709,0.4476933073424302,0.44698544698544695,0.7061685548552789
SP8---Cluster1,0.68,0.6704545454545454,0.675,0.6715927750410509,0.7083333333333334,0.7819064223374967
SPAG4,0.52,0.5032467532467533,0.5034722222222222,0.5,0.560763888888889,0.6936408413480502
SPATA6,0.56,0.573051948051948,0.575,0.5592948717948718,0.6216666666666667,0.7132970548667138
SPI1---Cluster1,0.72,0.7113970588235294,0.6916666666666667,0.6961805555555556,0.7683333333333332,0.860132954051673
SPOCD1---Cluster2,0.62,0.46476964769647694,0.4742063492063492,0.463579898362507,0.5208333333333333,0.7329154218767164
SPRY1---Cluster1,0.6,0.5583333333333333,0.5694444444444444,0.554367201426025,0.6111111111111112,0.8048894293358966
SRGN---Cluster1,0.68,0.6163194444444444,0.6469298245614035,0.619047619047619,0.7346491228070176,0.9138467079965382
SRPX2---Cluster1,0.54,0.5311986863711001,0.5308441558441558,0.5308037535699714,0.5584415584415584,0.4618509691929248
ST3GAL4---Cluster1,0.7,0.5466200466200466,0.55,0.5479204339963833,0.7000000000000001,0.9138534365385685
STAP2,0.64,0.5523809523809524,0.5571725571725572,0.5535714285714286,0.6008316008316008,0.8078162389463028
STK3---Cluster1,0.58,0.5666666666666667,0.5568181818181819,0.5495495495495495,0.5714285714285714,0.6299379751079048
STK32B---Cluster1,0.5,0.46590909090909094,0.45104895104895104,0.43464495703301675,0.3613053613053613,0.186143638373494
STX1B---Cluster2,0.64,0.5317460317460317,0.5350877192982456,0.5322245322245321,0.6337719298245614,0.4120680185603123
STX3---Cluster2,0.68,0.6799999999999999,0.7005347593582887,0.6715927750410509,0.7183600713012478,0.8696875934009511
SYDE1---Cluster1,0.7,0.6170634920634921,0.6226611226611227,0.619482496194825,0.659043659043659,0.8428593255803197
TBC1D1---Cluster1,0.64,0.6280193236714976,0.6417112299465241,0.625,0.6684491978609626,0.556386276424303
TC2N---Cluster2,0.4,0.4025764895330113,0.4025764895330113,0.39999999999999997,0.38647342995169076,0.4073349280896173
TFCP2L1,0.72,0.6916666666666667,0.7113970588235294,0.6961805555555556,0.7242647058823529,0.5122540553986366
TGFB2---Cluster1,0.84,0.7289972899728998,0.7289972899728998,0.7289972899728998,0.6775067750677507,0.89199133390482
TGFBI---Cluster1,0.66,0.489159891598916,0.49122807017543857,0.4876431585292345,0.5745614035087719,0.8308693340757808
THEM4---Cluster1,0.54,0.5169779286926994,0.5166666666666666,0.5166036149642708,0.5383333333333333,0.4704130998431091
TIPIN,0.74,0.6599264705882353,0.7027972027972028,0.6702181633688483,0.8041958041958043,0.9337710203194338
TM4SF1,0.56,0.5571658615136876,0.5571658615136876,0.5571658615136876,0.5829307568438004,0.5292215977366626
TMCO4,0.52,0.5008488964346349,0.5008210180623973,0.5,0.5845648604269293,0.7006750812123443
TMCO6---Cluster1,0.66,0.575880758807588,0.5514705882352942,0.5466666666666667,0.5477941176470589,0.424478942430862
TMED5---Cluster2,0.58,0.5526315789473684,0.5394088669950738,0.5251017639077341,0.6124794745484401,0.566743028169042
TMEM106A,0.78,0.6160714285714286,0.6056910569105691,0.6102055279943303,0.7371273712737128,0.9333035372745067
TMEM132D,0.52,0.5072463768115942,0.5080213903743316,0.5,0.44919786096256686,0.6240078331483255
TMEM158,0.68,0.5592515592515592,0.5664335664335665,0.5614035087719298,0.7051282051282052,0.8539898547854136
TMEM159,0.68,0.5664335664335665,0.5592515592515592,0.5614035087719298,0.6569646569646569,0.8490077576490043
TMEM168---Cluster1,0.66,0.6128472222222222,0.6238095238095238,0.6155585707824514,0.7161904761904762,0.5652654725199515
TMEM177---Cluster2,0.54,0.4826388888888889,0.4809523809523809,0.4798733604703754,0.500952380952381,0.31643667514606477
TMEM51---Cluster1,0.74,0.6125,0.6048951048951049,0.6081977094635322,0.648018648018648,0.8552008919280287
TMEM71,0.56,0.5333333333333333,0.5287356321839081,0.5225694444444444,0.5213464696223318,0.5833226733945445
TMSL3,0.62,0.425,0.4300699300699301,0.42736588306208567,0.48951048951048953,0.8354258424456984
TNFRSF10B---Cluster2,0.48,0.44999999999999996,0.44791666666666663,0.4482173174872665,0.5607638888888888,0.39307612038388795
TOM1L1---Cluster1,0.82,0.7222222222222222,0.625,0.6470588235294118,0.7024999999999999,0.9039728956099062
TPBG,0.6,0.5763546798029556,0.5828877005347594,0.5755517826825127,0.5793226381461676,0.7321501213949528
TPM4---Cluster2,0.74,0.7250000000000001,0.7292020373514432,0.726775956284153,0.7589134125636673,0.830727128771852
TRAF5,0.54,0.5405844155844155,0.54,0.5383380168606985,0.5648,0.6394622133362595
TREM1,0.64,0.6131907308377897,0.6078098471986417,0.609375,0.6434634974533108,0.7402313007324227
TREM2---Cluster1,0.76,0.6547619047619048,0.6140350877192983,0.625,0.6732456140350878,0.8654000096710366
TREML2,0.72,0.5594405594405594,0.5691056910569106,0.5625,0.5799457994579946,0.8672764049233798
TRIM14,0.48,0.47916666666666663,0.47916666666666663,0.47916666666666663,0.47275641025641024,0.46548068069906545
TRIM36---Cluster1,0.44,0.44605475040257647,0.44499178981937604,0.4391025641025641,0.36781609195402293,0.4020158246453743
TRIM38,0.6,0.565365025466893,0.5686274509803921,0.5659722222222222,0.6443850267379679,0.7413815341009484
TRIM59---Cluster1,0.68,0.5,0.5,0.5000000000000001,0.5525,0.8367555038728612
TRIP4---Cluster1,0.62,0.5,0.5,0.4933333333333333,0.6533333333333333,0.8365655794454582
TSPAN4---Cluster1,0.58,0.5756843800322061,0.5762987012987013,0.5757575757575757,0.6038961038961039,0.7222565754427727
TUFT1,0.66,0.6205821205821206,0.6006944444444444,0.6026180458158018,0.689236111111111,0.8350792134259637
UCP2,0.6,0.5051975051975053,0.5047619047619047,0.5039682539682541,0.5942857142857143,0.7663040820225329
UPP1---Cluster1,0.72,0.6000000000000001,0.587719298245614,0.592074592074592,0.6907894736842105,0.8700879928332756
USP4---Cluster1,0.7,0.6388888888888888,0.6333333333333333,0.6357455075279261,0.6133333333333333,0.8020050638792939
VIM,0.62,0.5386029411764706,0.5436590436590437,0.5386109762020399,0.5821205821205822,0.4435398603548964
VNN1---Cluster1,0.76,0.5067750677506775,0.5111111111111111,0.5016611295681063,0.6488888888888888,0.9495939212703821
WBSCR17,0.56,0.5416666666666666,0.5416666666666666,0.5416666666666666,0.5683333333333332,0.6129835016886909
WDR76,0.64,0.5874363327674024,0.6070686070686071,0.5863970588235294,0.6216216216216217,0.3319538945139171
WEE1,0.58,0.5492359932088284,0.5503472222222222,0.5495495495495496,0.6006944444444444,0.7122085293277399
WFIKKN2---Cluster1,0.7,0.5792540792540792,0.5745614035087719,0.5765104460756634,0.6271929824561403,0.8494550402363493
XAF1,0.68,0.5447154471544715,0.5343035343035343,0.5337995337995338,0.5311850311850311,0.7552938734938789
YAP1---Cluster1,0.64,0.5317460317460317,0.5350877192982456,0.5322245322245321,0.6030701754385965,0.43441756800229203
YIF1B---Cluster2,0.58,0.5762987012987013,0.5756843800322061,0.5757575757575757,0.5797101449275363,0.626859255327435
ZAK---Cluster1,0.74,0.5922619047619048,0.5722610722610723,0.5776478232618584,0.6899766899766899,0.8806645689810437
ZC3HAV1L---Cluster2,0.68,0.638095238095238,0.6292335115864527,0.6323529411764706,0.6755793226381461,0.8228292079497247
ZDHHC12---Cluster1,0.76,0.6000000000000001,0.5524475524475525,0.5535714285714286,0.6130536130536131,0.8003767535477003
ZIC1---Cluster1,0.52,0.5169082125603865,0.5169082125603865,0.5169082125603865,0.499194847020934,0.4913831128011218
ZIC3,0.6,0.5909822866344605,0.5959252971137521,0.5894909688013137,0.6247877758913413,0.7295482093936201
ZSCAN12---Cluster1,0.6,0.5844155844155844,0.5902777777777778,0.5833333333333333,0.5850694444444444,0.7145765704325711
