,accuracy,precision,recall,f1score,AUC,AP
ABCA5---Cluster1,0.5833333333333334,0.5773993808049536,0.5811688311688312,0.5751376868607396,0.663961038961039,0.6853783466053319
ABCC1,0.5277777777777778,0.5301003344481605,0.5277777777777778,0.5184893784421715,0.4876543209876543,0.5310808034985407
ACAA2,0.6944444444444444,0.48333333333333334,0.4852216748768473,0.48370273794002605,0.6009852216748768,0.360456720053402
ACN9---Cluster1,0.6388888888888888,0.5668896321070234,0.5892857142857143,0.5630252100840337,0.5625,0.3269535127838084
ACTG1,0.5,0.5127272727272727,0.5108359133126935,0.48571428571428565,0.3869969040247678,0.4857325515023369
ACTL6B---Cluster1,0.4722222222222222,0.42592592592592593,0.44375,0.417872340425532,0.515625,0.5896492814982446
ADAM12---Cluster1,0.7222222222222222,0.5666666666666667,0.5535714285714286,0.5566502463054188,0.46875,0.2599403177856895
ADSSL1---Cluster1,0.6111111111111112,0.48214285714285715,0.48461538461538467,0.4814814814814815,0.5615384615384615,0.32095114942528735
AEBP1---Cluster1,0.5833333333333334,0.4653846153846154,0.46296296296296297,0.46375372393247266,0.4609053497942387,0.26803042273630506
AFF2---Cluster1,0.5833333333333334,0.5811688311688312,0.5773993808049536,0.5751376868607396,0.5572755417956656,0.5411315362364708
AGA,0.6666666666666666,0.5625,0.6,0.5555555555555555,0.6222222222222222,0.2917552720184299
AHR---Cluster2,0.5,0.5,0.5,0.474025974025974,0.4691358024691358,0.5224199685564165
AJAP1---Cluster1,0.4722222222222222,0.47916666666666663,0.48142414860681115,0.4618410700236034,0.47368421052631576,0.5752385867492722
ALOX5AP,0.3888888888888889,0.39375,0.39375,0.38888888888888884,0.321875,0.47281725286160553
AMT---Cluster1,0.5277777777777778,0.479933110367893,0.47916666666666663,0.4791489361702128,0.5173611111111112,0.3735587442695286
ANK3---Cluster1,0.5277777777777778,0.5340557275541795,0.5357142857142857,0.5244755244755246,0.6233766233766234,0.7318375938572402
ANKRD5---Cluster1,0.6944444444444444,0.68125,0.6939799331103679,0.6824378508420208,0.705685618729097,0.5809912898207552
ANXA11,0.5833333333333334,0.5875,0.586687306501548,0.583011583011583,0.6253869969040248,0.7029357118803881
ANXA2---Cluster1,0.6944444444444444,0.4032258064516129,0.4166666666666667,0.4098360655737705,0.5333333333333333,0.18896150355996089
APCDD1L---Cluster1,0.5277777777777778,0.5185758513931888,0.5208333333333333,0.5092221331194867,0.5555555555555556,0.7306113897778161
APOL6---Cluster1,0.7777777777777778,0.6339285714285714,0.6666666666666667,0.645320197044335,0.8166666666666667,0.5247086247086247
ARC,0.5277777777777778,0.5371517027863777,0.5416666666666667,0.5184893784421716,0.5763888888888888,0.37308600713012474
ARHGAP25---Cluster1,0.6666666666666666,0.6461538461538461,0.6233766233766234,0.625,0.5551948051948052,0.521337594428998
ARHGDIB---Cluster1,0.6111111111111112,0.5953177257525084,0.5904761904761905,0.5909090909090909,0.5523809523809524,0.505827430995619
ARMCX2,0.4444444444444444,0.46488294314381273,0.4666666666666667,0.4427244582043343,0.5682539682539682,0.5701706599954653
ARSD,0.3888888888888889,0.3931888544891641,0.3904761904761905,0.38699690402476783,0.39682539682539686,0.3551820730918094
ARSK,0.5833333333333334,0.3387096774193548,0.40384615384615385,0.3684210526315789,0.31153846153846154,0.217606170592986
ASPHD2---Cluster1,0.5,0.512987012987013,0.5125,0.4984520123839009,0.4921875,0.4613014334521688
ATP1A1,0.5555555555555556,0.5454545454545454,0.54375,0.5428571428571429,0.45937500000000003,0.4179616620162117
ATP5G3,0.4444444444444444,0.42724458204334365,0.3842364532019704,0.375,0.39901477832512317,0.1887248629859467
B3GNT8,0.5277777777777778,0.5208333333333333,0.5185758513931888,0.5092221331194867,0.544891640866873,0.6515322362579552
BAK1---Cluster1,0.6944444444444444,0.5803571428571428,0.5740740740740741,0.5764705882352941,0.5967078189300412,0.39372781501264476
BANK1,0.5277777777777778,0.39615384615384613,0.38888888888888884,0.39225422045680236,0.3292181069958847,0.6999231337697513
BASP1,0.5555555555555556,0.5454545454545454,0.54375,0.5428571428571429,0.575,0.5909545171088021
BCAT2---Cluster2,0.6388888888888888,0.5446428571428572,0.5363636363636364,0.5352532274081431,0.42181818181818176,0.32535601371069806
BEST3,0.5,0.4076923076923077,0.41666666666666663,0.4109090909090909,0.36111111111111116,0.30478294543269585
BLOC1S1---Cluster1,0.6111111111111112,0.5163636363636364,0.5185185185185185,0.5153846153846154,0.5596707818930041,0.32797088532382646
BLOC1S2,0.9166666666666666,0.95,0.8333333333333333,0.8736842105263158,0.8395061728395062,0.916767213115707
BTG3,0.5,0.42474916387959866,0.4074074074074074,0.4109090909090909,0.3950617283950617,0.2403824980499801
C10orf10,0.6944444444444444,0.5763636363636364,0.6166666666666667,0.5764705882352941,0.6333333333333333,0.3246710526315789
C10orf35---Cluster2,0.6944444444444444,0.7095238095238096,0.70625,0.6942084942084942,0.775,0.7644608498226919
C11orf9---Cluster1,0.5,0.4857142857142857,0.4857142857142857,0.48571428571428577,0.41904761904761906,0.5680525147949413
C14orf106---Cluster1,0.5555555555555556,0.4682274247491639,0.45320197044334976,0.4461538461538461,0.5073891625615764,0.2692487392031002
C14orf50---Cluster1,0.6666666666666666,0.6363636363636364,0.6458333333333334,0.6387959866220736,0.5902777777777777,0.42910092812053596
C15orf48,0.7222222222222222,0.7047619047619047,0.7157190635451505,0.7077922077922079,0.7157190635451505,0.5341485437639284
C1orf59---Cluster2,0.75,0.65,0.611111111111111,0.6210526315789474,0.6666666666666666,0.8052323736279
C2orf3,0.6944444444444444,0.49107142857142855,0.48709677419354835,0.48370273794002605,0.5870967741935484,0.2559614723082215
C2orf39---Cluster1,0.5833333333333334,0.41964285714285715,0.42592592592592593,0.42245989304812837,0.411522633744856,0.3161068236569089
C3orf14---Cluster2,0.5555555555555556,0.5555555555555556,0.5625,0.5428571428571428,0.5138888888888888,0.3479191777425473
C3orf52---Cluster1,0.5277777777777778,0.38888888888888884,0.39615384615384613,0.39225422045680236,0.4884615384615385,0.272871769534813
C4orf39,0.6388888888888888,0.6424148606811146,0.64375,0.6386100386100386,0.5593750000000001,0.5273950431985456
C5orf25,0.5277777777777778,0.53125,0.5309597523219814,0.5274131274131273,0.46439628482972134,0.5253704907597126
C5orf35,0.5277777777777778,0.5285714285714286,0.5277777777777778,0.5244755244755245,0.5401234567901234,0.5755138882054979
C6orf150---Cluster1,0.6388888888888888,0.6851851851851851,0.6388888888888888,0.6148148148148147,0.5648148148148149,0.6549507504344669
C7orf16,0.5555555555555556,0.5625,0.5625,0.5555555555555556,0.63125,0.7246203235549586
C7orf46---Cluster1,0.5833333333333334,0.4899665551839465,0.4833333333333333,0.46375372393247266,0.6222222222222222,0.3925612642717906
C9orf25---Cluster2,0.6944444444444444,0.6875,0.6714285714285715,0.674074074074074,0.7206349206349206,0.8080829775239715
C9orf64---Cluster1,0.6388888888888888,0.38333333333333336,0.39655172413793105,0.38983050847457634,0.33497536945812806,0.1608832028186867
C9orf95---Cluster1,0.6111111111111112,0.5833333333333333,0.577922077922078,0.5785953177257525,0.49675324675324667,0.4459503026178941
CA2,0.8055555555555556,0.6833333333333333,0.6625615763546798,0.6714471968709257,0.7241379310344828,0.59322487548294
CA3---Cluster1,0.6111111111111112,0.43870967741935485,0.46545454545454545,0.4375,0.6218181818181818,0.406899431115732
CA5B---Cluster1,0.3611111111111111,0.3618181818181818,0.38125,0.3485444531864673,0.346875,0.46157208498656727
CAB39L---Cluster1,0.5833333333333334,0.5571428571428572,0.5625,0.5555555555555556,0.6701388888888888,0.5925106186812844
CACNG2---Cluster2,0.6944444444444444,0.6346153846153846,0.6272727272727273,0.6302521008403361,0.68,0.8112711015708474
CALCRL,0.5277777777777778,0.5309597523219814,0.53125,0.5274131274131273,0.46875,0.5070813414129993
CAPG,0.6388888888888888,0.6269230769230769,0.6047619047619048,0.6017021276595744,0.6063492063492064,0.6212912108020803
CASP8---Cluster1,0.6944444444444444,0.6346153846153846,0.6272727272727273,0.6302521008403361,0.6036363636363636,0.5056032807727245
CAV2,0.4166666666666667,0.41883116883116883,0.42260061919504643,0.4125874125874126,0.4272445820433437,0.44866299813352667
CBLN2---Cluster1,0.5833333333333334,0.5804953560371517,0.58125,0.5804195804195804,0.59375,0.6308801232292611
CCDC109B---Cluster1,0.5555555555555556,0.44642857142857145,0.4583333333333333,0.44615384615384623,0.45138888888888884,0.3738822751322751
CCDC122,0.4166666666666667,0.3857142857142857,0.375,0.37777777777777777,0.40624999999999994,0.30590616517370883
CCDC8---Cluster1,0.5,0.4581939799331104,0.4581939799331104,0.4581939799331104,0.4581939799331104,0.3507214739000959
CCDC89---Cluster1,0.6388888888888888,0.5833333333333334,0.5872727272727273,0.5847382431233363,0.6327272727272728,0.5070648231744488
CCL5---Cluster1,0.5555555555555556,0.5555555555555556,0.5625,0.5428571428571428,0.5729166666666667,0.7628036704305989
CCNA1---Cluster1,0.4166666666666667,0.3958333333333333,0.40712074303405577,0.3937449879711307,0.48297213622291024,0.4669359489608809
CCND1---Cluster6,0.6388888888888888,0.5836120401337793,0.5961538461538461,0.5847382431233363,0.6653846153846154,0.8501845004110238
CCNF---Cluster1,0.5277777777777778,0.53125,0.5309597523219814,0.5274131274131273,0.5696594427244581,0.5879803306488941
CCR1,0.75,0.6423076923076922,0.6822660098522167,0.653475935828877,0.7487684729064039,0.4794562162983215
CD33,0.6666666666666666,0.65625,0.6623376623376623,0.6571428571428573,0.6071428571428571,0.5009422858924756
CD4,0.6388888888888888,0.4629629629629629,0.44999999999999996,0.4526315789473684,0.3388888888888889,0.14845785440613027
CD40,0.6944444444444444,0.5115384615384616,0.5303030303030303,0.4837027379400261,0.5454545454545454,0.9238433273106494
CD69,0.5,0.5083612040133779,0.5077399380804953,0.49375,0.45510835913312697,0.4579608733667233
CD74,0.3888888888888889,0.38311688311688313,0.3888888888888889,0.38125000000000003,0.4012345679012346,0.474299847685865
CD79B---Cluster1,0.6944444444444444,0.6653846153846154,0.6438127090301003,0.6486246672582077,0.7023411371237457,0.7664021565782554
CD86,0.6666666666666666,0.66875,0.6666666666666667,0.6656346749226006,0.6666666666666666,0.7179280664256255
CD93---Cluster1,0.6111111111111112,0.5,0.5,0.4814814814814815,0.42361111111111116,0.342418706772155
CDC42EP3---Cluster1,0.3333333333333333,0.33125,0.33333333333333337,0.3312693498452012,0.345679012345679,0.4128011628929952
CDC42EP5---Cluster1,0.3888888888888889,0.38125,0.38125,0.38125,0.4125,0.44299954956114695
CDK4,0.8888888888888888,0.8768472906403941,0.8148148148148148,0.8392857142857143,0.9753086419753086,0.9328843995510663
CDKN3,0.7222222222222222,0.41935483870967744,0.41935483870967744,0.41935483870967744,0.20645161290322583,0.10200713012477719
CHAF1B,0.5833333333333334,0.41964285714285715,0.42592592592592593,0.42245989304812837,0.37448559670781895,0.22366098125501704
CHRNA1---Cluster1,0.5,0.5142857142857142,0.5142857142857142,0.5,0.5460317460317461,0.6456080863004376
CITED4---Cluster1,0.5555555555555556,0.5208333333333334,0.5194805194805194,0.5183946488294314,0.6103896103896104,0.5261960240619621
CITED4---Cluster2,0.6388888888888888,0.5625,0.5740740740740741,0.5630252100840337,0.5720164609053497,0.3647573559338265
CLDN1,0.5555555555555556,0.41538461538461535,0.4017857142857143,0.4074074074074075,0.3482142857142857,0.1973748494856507
CLEC4A,0.5833333333333334,0.5,0.5,0.4957983193277311,0.5596707818930041,0.8252010153582612
CLN6---Cluster3,0.6111111111111112,0.5875,0.6076923076923078,0.5785953177257525,0.6538461538461539,0.4579832486354225
CNTNAP2---Cluster1,0.6944444444444444,0.6428571428571428,0.75,0.6302521008403361,0.9111111111111111,0.9803298461122049
COCH,0.4722222222222222,0.41233766233766234,0.3888888888888889,0.3930789707187222,0.4032921810699589,0.317686625416094
COL1A2---Cluster1,0.4722222222222222,0.44181818181818183,0.45,0.43703703703703706,0.43125,0.5316564698306224
COL6A2,0.5,0.4107142857142857,0.43506493506493504,0.4109090909090909,0.4967532467532468,0.4047204830426267
COL6A3,0.4722222222222222,0.4722222222222222,0.4714285714285714,0.46853146853146854,0.49523809523809526,0.5955074338568591
CPA1---Cluster2,0.5833333333333334,0.59375,0.5952380952380952,0.5830115830115831,0.5460317460317461,0.4755279034690799
CPNE8---Cluster1,0.5,0.525,0.5307692307692308,0.4857142857142857,0.49615384615384617,0.6979831525801746
CRB2---Cluster2,0.6388888888888888,0.5746753246753247,0.6133004926108374,0.5630252100840336,0.6108374384236454,0.854884592025064
CRIP1,0.5555555555555556,0.54375,0.5454545454545454,0.5428571428571429,0.5,0.4123956310391894
CROT---Cluster2,0.6944444444444444,0.4852216748768473,0.48333333333333334,0.48370273794002605,0.37777777777777777,0.1519010672633861
CRYGD---Cluster1,0.7222222222222222,0.7077922077922079,0.7077922077922079,0.7077922077922079,0.724025974025974,0.6094019024000228
CSAG1---Cluster1,0.5555555555555556,0.5238095238095238,0.5272727272727272,0.5183946488294314,0.4618181818181818,0.3019817708872733
CSTA,0.75,0.5193548387096775,0.5166666666666667,0.5171385991058122,0.6166666666666667,0.906999730726807
CSTB,0.8888888888888888,0.8768472906403941,0.8148148148148148,0.8392857142857143,0.9753086419753086,0.9328843995510663
CTSZ---Cluster1,0.6666666666666666,0.6687306501547987,0.6687306501547987,0.6666666666666667,0.631578947368421,0.6739421526186233
CXCR4---Cluster1,0.7222222222222222,0.6428571428571428,0.6230769230769231,0.6296296296296297,0.6115384615384616,0.3990710597082411
CYB561---Cluster1,0.6111111111111112,0.48148148148148145,0.48148148148148145,0.48148148148148145,0.5349794238683128,0.30050737076170436
CYB5R1---Cluster1,0.5277777777777778,0.38888888888888884,0.39615384615384613,0.39225422045680236,0.5230769230769231,0.2910384722851071
CYB5R2---Cluster2,0.6111111111111112,0.5619047619047619,0.5960591133004927,0.5418181818181819,0.5073891625615763,0.8113281458623779
CYP27B1,0.4166666666666667,0.4166666666666667,0.4096989966555184,0.40519276160503537,0.3210702341137124,0.5362508087070746
CYP7B1,0.3333333333333333,0.34375,0.33766233766233766,0.3312693498452012,0.3474025974025974,0.5762301441820433
DAPP1,0.5833333333333334,0.6041666666666666,0.5928792569659442,0.5751376868607396,0.631578947368421,0.6868220175188615
DDX43,0.5277777777777778,0.4967532467532467,0.49665551839464883,0.49629629629629635,0.5585284280936454,0.719907570236801
DENND2D,0.3888888888888889,0.36875,0.35416666666666663,0.35714285714285715,0.3611111111111111,0.5946717931453511
DES,0.4722222222222222,0.4512987012987013,0.45238095238095233,0.4514835605453087,0.42222222222222217,0.42867619526443057
DSCAML1---Cluster1,0.5555555555555556,0.55625,0.5555555555555556,0.5541795665634675,0.6018518518518519,0.6726431637271296
DSG2---Cluster1,0.4722222222222222,0.46904024767801855,0.46875,0.46853146853146854,0.525,0.45055978106482253
DUSP1---Cluster2,0.6666666666666666,0.5763546798029556,0.5563636363636364,0.5555555555555555,0.610909090909091,0.4583618647420971
DYNLT3,0.5,0.5047619047619047,0.5046439628482973,0.4984520123839009,0.4860681114551083,0.5337738603314389
EFCAB1---Cluster1,0.75,0.6160714285714286,0.6280788177339901,0.6210526315789473,0.6009852216748769,0.8443521023901404
EHD2---Cluster2,0.4444444444444444,0.37090909090909097,0.38127090301003347,0.375,0.4013377926421405,0.31292878938339297
EHD3---Cluster2,0.5,0.5077399380804953,0.5083612040133779,0.49375,0.5953177257525084,0.6793674843358652
ELOVL4---Cluster1,0.6388888888888888,0.5876623376623377,0.6111111111111112,0.5847382431233362,0.617283950617284,0.3543290043290043
EMILIN1---Cluster2,0.6666666666666666,0.6296296296296297,0.6053511705685619,0.6072727272727273,0.5685618729096991,0.6617999620238674
ENPEP,0.3888888888888889,0.3777089783281734,0.3563636363636363,0.35714285714285715,0.33454545454545453,0.7120655857340037
ENTPD2---Cluster1,0.6111111111111112,0.6191950464396284,0.6287625418060201,0.60625,0.6120401337792643,0.4366642101712952
EREG---Cluster2,0.6111111111111112,0.5625,0.5625,0.5625,0.625,0.4389580965012
ESM1---Cluster1,0.3611111111111111,0.3611111111111111,0.3606811145510836,0.36061776061776063,0.37770897832817335,0.45169865874977205
ESPNL,0.6666666666666666,0.5221674876847291,0.5185185185185185,0.5178571428571428,0.6255144032921811,0.3923252773796252
FAAH,0.4444444444444444,0.4476190476190476,0.4489164086687306,0.44272445820433437,0.5356037151702786,0.5674520984722631
FAIM---Cluster1,0.5277777777777778,0.40545454545454546,0.38392857142857145,0.39225422045680236,0.45089285714285715,0.21646739944470675
FAM113B,0.6388888888888888,0.6388888888888888,0.6505016722408027,0.6317859952793077,0.6956521739130435,0.8654169626360949
FAM19A3---Cluster2,0.5555555555555556,0.4254545454545455,0.3990147783251231,0.40740740740740744,0.4876847290640394,0.20523460666317808
FAM26E,0.3333333333333333,0.3110367892976589,0.32507739938080493,0.3142857142857143,0.2910216718266254,0.36689924457705336
FAM57B---Cluster1,0.7222222222222222,0.6472727272727272,0.6666666666666667,0.6538461538461539,0.6460905349794239,0.7892228789777803
FAM78A---Cluster2,0.5555555555555556,0.4763636363636364,0.4763636363636364,0.4763636363636364,0.5927272727272728,0.7660043443792928
FAM89A---Cluster1,0.4166666666666667,0.4166666666666667,0.4096989966555184,0.40519276160503537,0.42140468227424754,0.44079260803562315
FAP,0.6944444444444444,0.55,0.537037037037037,0.5368421052631579,0.5720164609053497,0.38498483863980937
FCGR2A---Cluster1,0.5277777777777778,0.4583333333333333,0.45636363636363636,0.45696539485359355,0.3745454545454545,0.2735872128754317
FES,0.6944444444444444,0.5357142857142857,0.5394088669950738,0.5368421052631579,0.5812807881773399,0.3529651352231997
FKBP9L,0.7222222222222222,0.7077922077922079,0.7077922077922079,0.7077922077922079,0.827922077922078,0.8096084286984331
FLNB---Cluster1,0.4722222222222222,0.4722222222222222,0.4672727272727273,0.45148356054530875,0.5599999999999999,0.4454172264517092
FOXD1---Cluster1,0.5833333333333334,0.5743034055727554,0.5833333333333334,0.5669607056936649,0.6354166666666666,0.4789206842749199
FOXJ1---Cluster1,0.6666666666666666,0.6041666666666666,0.6153846153846154,0.6072727272727273,0.5615384615384615,0.3785705142558591
FSTL1---Cluster1,0.5,0.4857142857142857,0.4857142857142857,0.48571428571428577,0.4698412698412699,0.39419006965558406
FUT4---Cluster1,0.5833333333333334,0.5234113712374582,0.5269230769230769,0.5208518189884649,0.46153846153846156,0.2689793311721783
FXYD1,0.6388888888888888,0.65,0.6523809523809523,0.6386100386100386,0.6190476190476191,0.5769386540295048
GALNT14---Cluster1,0.5833333333333334,0.49636363636363634,0.49615384615384617,0.4957983193277311,0.46538461538461534,0.702057360672925
GALR1---Cluster2,0.6666666666666666,0.6571428571428571,0.6571428571428571,0.6571428571428571,0.6539682539682541,0.5564423519314824
GBX2,0.4166666666666667,0.342809364548495,0.3192307692307692,0.329192546583851,0.36538461538461536,0.23082591210329761
GCNT1---Cluster2,0.6388888888888888,0.5746753246753247,0.6133004926108374,0.5630252100840336,0.5467980295566504,0.8392184705430206
GHDC---Cluster1,0.5,0.3769230769230769,0.3769230769230769,0.3769230769230769,0.41923076923076924,0.25588355505900195
GJB2---Cluster2,0.6388888888888888,0.5892857142857143,0.5668896321070234,0.5630252100840337,0.5451505016722408,0.6450874404012925
GLRX2,0.6944444444444444,0.6038461538461539,0.6111111111111112,0.6067527308838133,0.5802469135802469,0.4240123456790123
GNA15,0.6388888888888888,0.6333333333333333,0.63125,0.6317859952793076,0.6343749999999999,0.6408140492361318
GPR17---Cluster1,0.6388888888888888,0.6006493506493507,0.6127272727272728,0.6017021276595745,0.7054545454545456,0.8779215395301535
GPR17---Cluster2,0.5277777777777778,0.4309090909090909,0.42692307692307696,0.42857142857142855,0.40769230769230774,0.2613666333666334
GPR180---Cluster2,0.5555555555555556,0.35714285714285715,0.35714285714285715,0.35714285714285715,0.24107142857142858,0.16208748706593534
GPR27,0.7777777777777778,0.6666666666666666,0.6995073891625616,0.6785714285714286,0.6206896551724138,0.8328650290435127
GRIN3A---Cluster2,0.4722222222222222,0.4722222222222222,0.4714285714285714,0.46853146853146854,0.4253968253968254,0.5464279274104058
HCLS1---Cluster1,0.5833333333333334,0.5551948051948051,0.5568561872909699,0.5555555555555556,0.5150501672240803,0.6681247980322995
HCP5---Cluster1,0.5555555555555556,0.5479876160990712,0.5518394648829431,0.5428571428571429,0.5317725752508361,0.6277836862355485
HDC---Cluster1,0.6944444444444444,0.5357142857142857,0.5394088669950738,0.5368421052631579,0.49753694581280794,0.3575341708982262
HEBP1,0.5833333333333334,0.537037037037037,0.5292207792207793,0.520851818988465,0.5876623376623378,0.4354573516893597
HIST1H2BJ---Cluster1,0.6944444444444444,0.6166666666666667,0.5763636363636364,0.5764705882352941,0.5781818181818181,0.44226591571947305
HIST1H4J,0.5833333333333334,0.5551948051948051,0.5568561872909699,0.5555555555555556,0.4816053511705686,0.38040591572831384
HIST3H2A---Cluster1,0.5555555555555556,0.5018181818181818,0.5016722408026756,0.5,0.4816053511705685,0.42309580125756596
HOPX---Cluster1,0.7222222222222222,0.3939393939393939,0.4482758620689655,0.41935483870967744,0.4236453201970444,0.19372860255213198
HOXC10---Cluster1,0.7222222222222222,0.7321428571428572,0.6688311688311688,0.6727272727272727,0.6785714285714286,0.6887734971780003
HPDL---Cluster1,0.6944444444444444,0.55,0.537037037037037,0.5368421052631579,0.7078189300411522,0.398489010989011
HPS1---Cluster1,0.6111111111111112,0.4444444444444444,0.43349753694581283,0.4375,0.5862068965517241,0.2441791541791542
HSD17B14,0.6666666666666666,0.5818181818181818,0.5925925925925926,0.5846153846153845,0.6666666666666667,0.5799688615478089
HSD17B7P2---Cluster1,0.5555555555555556,0.54375,0.5454545454545454,0.5428571428571429,0.5064935064935064,0.4268123158354251
HSPA1A---Cluster1,0.5833333333333334,0.540133779264214,0.5416666666666666,0.5404255319148936,0.5659722222222222,0.5338526308635004
HSPB2---Cluster2,0.5277777777777778,0.5277777777777778,0.5285714285714286,0.5244755244755245,0.4920634920634921,0.4785859266460261
HTATIP2---Cluster1,0.5277777777777778,0.5247678018575852,0.525,0.5244755244755245,0.46249999999999997,0.5691282945917671
IER3,0.6666666666666666,0.6071428571428572,0.5833333333333334,0.5846153846153845,0.5486111111111112,0.4653546015388121
IER5,0.5833333333333334,0.5162337662337663,0.5246305418719212,0.4957983193277311,0.5862068965517242,0.37371178356400025
IFNGR2---Cluster1,0.5833333333333334,0.5835913312693499,0.5833333333333334,0.5830115830115831,0.5493827160493827,0.5274690096266994
IGF2BP2---Cluster2,0.75,0.7374581939799332,0.7305194805194806,0.7333333333333334,0.8116883116883117,0.7643140714877167
IGFBP6---Cluster3,0.5833333333333334,0.5811688311688312,0.5773993808049536,0.5751376868607396,0.6470588235294117,0.7708033668054537
IL13RA1,0.5,0.5047619047619047,0.5046439628482973,0.4984520123839009,0.5015479876160991,0.5427220518641354
IL15---Cluster1,0.4722222222222222,0.475,0.47523219814241485,0.4718146718146718,0.43034055727554177,0.5130956964507559
IL15RA---Cluster2,0.5277777777777778,0.51875,0.519047619047619,0.5184893784421715,0.5333333333333333,0.6261647228926076
IL1R2,0.6666666666666666,0.4814814814814815,0.47096774193548385,0.46798029556650245,0.5806451612903226,0.19518422753716871
IL1RAP,0.4166666666666667,0.40712074303405577,0.3958333333333333,0.3937449879711307,0.4652777777777778,0.3513169495528367
IMPA2,0.5555555555555556,0.44642857142857145,0.4583333333333333,0.44615384615384623,0.4722222222222222,0.3302972636633714
IQGAP1---Cluster1,0.5,0.525,0.5307692307692308,0.4857142857142857,0.523076923076923,0.4059530883060295
IRAK3---Cluster1,0.5555555555555556,0.5428571428571429,0.5428571428571429,0.5428571428571429,0.5047619047619047,0.5175030887775985
ISG20,0.6944444444444444,0.5763636363636364,0.6166666666666667,0.5764705882352941,0.7388888888888888,0.3908050730631376
ISYNA1---Cluster1,0.4722222222222222,0.41973244147157196,0.4166666666666667,0.4178723404255319,0.39583333333333337,0.3584892875289612
ITGB1BP1---Cluster2,0.8055555555555556,0.7115384615384616,0.770935960591133,0.7304812834224599,0.8275862068965517,0.573118944547516
ITGB2---Cluster1,0.3888888888888889,0.36875,0.35416666666666663,0.35714285714285715,0.4340277777777778,0.33901732509975263
ITGB3,0.75,0.7291666666666666,0.7207357859531773,0.7242553191489363,0.7558528428093646,0.5868117453486533
ITGB5,0.7777777777777778,0.42424242424242425,0.45161290322580644,0.4375,0.5161290322580645,0.20157407407407407
KCNA4---Cluster1,0.5833333333333334,0.5884615384615384,0.5712074303405573,0.5555555555555556,0.3993808049535604,0.458666205709151
KCNE1L---Cluster1,0.5555555555555556,0.44642857142857145,0.4583333333333333,0.44615384615384623,0.3368055555555555,0.3544359276490839
KCNIP3---Cluster2,0.5,0.5,0.5,0.49375,0.5154320987654321,0.542043562155534
KCNK5---Cluster1,0.5555555555555556,0.54375,0.5454545454545454,0.5428571428571429,0.5194805194805194,0.6500961994891985
KCTD4,0.5,0.5142857142857142,0.5142857142857142,0.5,0.5301587301587303,0.4844367746261807
KIAA0040---Cluster1,0.6388888888888888,0.600334448160535,0.6041666666666667,0.6017021276595745,0.6527777777777778,0.49912999088362064
KIAA1377,0.5833333333333334,0.575,0.5761904761904761,0.5751376868607396,0.5301587301587302,0.49467628794004503
KLF11,0.5555555555555556,0.4935064935064935,0.49107142857142855,0.4763636363636364,0.375,0.7421563959763212
KLHL26---Cluster1,0.6666666666666666,0.5925925925925926,0.5818181818181818,0.5846153846153845,0.6181818181818182,0.49427397390738226
KLHL6---Cluster1,0.5,0.3854545454545455,0.37037037037037035,0.3769230769230769,0.411522633744856,0.22226662226662225
LAIR1,0.6111111111111112,0.6068111455108359,0.6095238095238096,0.6062500000000001,0.5238095238095238,0.6024764896242689
LAMA1---Cluster1,0.5,0.42207792207792205,0.36666666666666664,0.3769230769230769,0.4666666666666667,0.30812795878585353
LAMP3,0.6666666666666666,0.6493506493506493,0.6493506493506493,0.6493506493506493,0.737012987012987,0.7013367474336072
LHFPL2---Cluster1,0.5833333333333334,0.5666666666666667,0.5681818181818181,0.5669607056936647,0.6266233766233766,0.4967860533981719
LIF---Cluster2,0.5833333333333334,0.540133779264214,0.5416666666666666,0.5404255319148936,0.5243055555555556,0.3917439273689274
LIMS1,0.4166666666666667,0.42260061919504643,0.41883116883116883,0.4125874125874126,0.47727272727272724,0.6693257386642214
LMCD1---Cluster1,0.5833333333333334,0.45833333333333337,0.42258064516129035,0.4224598930481283,0.367741935483871,0.12910135841170325
LMNA---Cluster2,0.6111111111111112,0.577922077922078,0.5833333333333333,0.5785953177257525,0.7013888888888888,0.48743244772656535
LMO2,0.7777777777777778,0.5911330049261083,0.6193548387096774,0.6,0.5806451612903226,0.28914082874529123
LOX---Cluster2,0.6388888888888888,0.5618181818181818,0.5653846153846154,0.5630252100840336,0.5884615384615385,0.33921727782021904
LPXN,0.6388888888888888,0.6339285714285714,0.5952380952380952,0.5847382431233363,0.5777777777777778,0.5643615026948361
LRFN5---Cluster1,0.4166666666666667,0.42260061919504643,0.41883116883116883,0.4125874125874126,0.45454545454545453,0.6458633571862121
LRRC4,0.6666666666666666,0.6041666666666666,0.6153846153846154,0.6072727272727273,0.7038461538461538,0.851531910841865
LRRC61,0.5277777777777778,0.5095238095238095,0.5097402597402597,0.5092221331194868,0.4350649350649351,0.5974830246655635
LRRC8E,0.5,0.4375,0.4375,0.4375,0.3368055555555556,0.27761218857044284
LSP1---Cluster1,0.4444444444444444,0.45,0.45,0.4444444444444445,0.44062500000000004,0.544108680741541
LXN---Cluster1,0.5555555555555556,0.5208333333333334,0.5194805194805194,0.5183946488294314,0.6038961038961039,0.509815056079781
LY75---Cluster1,0.6388888888888888,0.5166666666666666,0.5109090909090909,0.4994652406417112,0.5309090909090909,0.43659608959074203
LYPD5,0.4722222222222222,0.46875,0.46904024767801855,0.46853146853146854,0.4891640866873065,0.5210596254355631
MACROD2---Cluster1,0.5833333333333334,0.586687306501548,0.5875,0.583011583011583,0.621875,0.6206299984219955
MAGEE2---Cluster1,0.4444444444444444,0.4095238095238095,0.39636363636363636,0.39799331103678925,0.38909090909090904,0.701715222353963
MAOB,0.4444444444444444,0.44155844155844154,0.4444444444444444,0.4375,0.3395061728395061,0.4059725877877721
MAPK8IP2---Cluster1,0.5555555555555556,0.5018181818181818,0.5016722408026756,0.5,0.4481605351170569,0.3392881234395961
MFAP4---Cluster1,0.6944444444444444,0.6939799331103679,0.68125,0.6824378508420208,0.74375,0.6222546221738032
MFI2---Cluster1,0.6666666666666666,0.4814814814814815,0.47096774193548385,0.46798029556650245,0.34838709677419355,0.12614695340501791
MFNG---Cluster1,0.3611111111111111,0.3611111111111111,0.3571428571428571,0.3566433566433566,0.39682539682539686,0.5517495545158453
MGMT---Cluster3,0.5277777777777778,0.48376623376623373,0.4818181818181818,0.4791489361702128,0.4763636363636363,0.6640326326967301
MGMT---Cluster5,0.6666666666666666,0.6285714285714286,0.6666666666666666,0.625,0.6378600823045267,0.8518214872426155
MGP---Cluster1,0.7222222222222222,0.625,0.5615384615384615,0.5566502463054187,0.7307692307692307,0.5338919773037419
MIPOL1---Cluster1,0.6388888888888888,0.6674876847290641,0.60625,0.5847382431233363,0.659375,0.6419931164042624
MPV17L,0.4722222222222222,0.45238095238095233,0.4512987012987013,0.4514835605453087,0.49025974025974023,0.670576554582114
MR1,0.5833333333333334,0.47916666666666663,0.47044334975369456,0.46375372393247266,0.4876847290640395,0.32015554473537666
MRPL41,0.3888888888888889,0.39628482972136225,0.3879598662207358,0.38125,0.31438127090301005,0.2928595941401969
MSN,0.4722222222222222,0.4722222222222222,0.4714285714285714,0.46853146853146854,0.35555555555555557,0.34660359402367075
MSR1,0.6111111111111112,0.5785953177257526,0.5785953177257526,0.5785953177257526,0.5819397993311037,0.4181030544408153
MSX2,0.5833333333333334,0.5476190476190476,0.5576923076923077,0.5404255319148936,0.6307692307692307,0.8272683733993507
MTHFS,0.4166666666666667,0.40625,0.40476190476190477,0.40519276160503537,0.33650793650793653,0.3505702550944067
MYBPH---Cluster1,0.5277777777777778,0.47916666666666663,0.479933110367893,0.4791489361702128,0.5217391304347826,0.46806274210120363
MYCBP---Cluster2,0.8888888888888888,0.8768472906403941,0.8148148148148148,0.8392857142857143,0.9753086419753086,0.9328843995510663
NCAPD2---Cluster1,0.25,0.25232198142414863,0.25,0.2494208494208494,0.175,0.3103978952352731
NCF4,0.6388888888888888,0.5049261083743842,0.5038461538461538,0.49946524064171116,0.5576923076923076,0.7712749511714622
NCKAP1L---Cluster1,0.5833333333333334,0.3888888888888889,0.35,0.36842105263157887,0.2611111111111111,0.12774810801513586
NDC80---Cluster1,0.4166666666666667,0.39375,0.37636363636363634,0.3777777777777777,0.3745454545454545,0.2923120987599196
NDUFA12---Cluster2,0.3333333333333333,0.3125,0.2916666666666667,0.2987012987012987,0.29861111111111105,0.25633937374310667
NDUFA4L2---Cluster1,0.6388888888888888,0.5740740740740741,0.5625,0.5630252100840337,0.5833333333333334,0.39546065497888594
NETO1,0.5555555555555556,0.5194805194805194,0.5208333333333334,0.5183946488294314,0.4652777777777778,0.6257402870526273
NF1---Cluster2,0.5833333333333334,0.5857142857142856,0.5833333333333333,0.5804195804195804,0.5740740740740741,0.5181614208935945
NFATC1---Cluster1,0.6666666666666666,0.5625,0.6,0.5555555555555555,0.5611111111111111,0.21003584229390682
NFATC4---Cluster1,0.5833333333333334,0.55625,0.5740740740740741,0.5404255319148936,0.6954732510288066,0.4189285234586114
NFE2L3---Cluster2,0.5555555555555556,0.5047619047619047,0.5073891625615763,0.47636363636363643,0.5615763546798029,0.22680715274700236
NHLH1---Cluster1,0.6666666666666666,0.6041666666666666,0.6153846153846154,0.6072727272727273,0.5307692307692308,0.37473898650369236
NID2---Cluster1,0.5555555555555556,0.5324675324675324,0.5324675324675324,0.5324675324675324,0.4935064935064935,0.38190077971183967
NLGN2---Cluster1,0.75,0.6418181818181818,0.7166666666666667,0.653475935828877,0.7944444444444445,0.9583234757595473
NLRP12---Cluster1,0.6666666666666666,0.5221674876847291,0.5185185185185185,0.5178571428571428,0.6255144032921811,0.34537064242946597
NMNAT3,0.6944444444444444,0.390625,0.43103448275862066,0.40983606557377045,0.40394088669950734,0.18667258667258668
NNAT,0.5,0.5047619047619047,0.5046439628482973,0.4984520123839009,0.5108359133126935,0.5028918973976895
NPY5R---Cluster2,0.5,0.5,0.5,0.5,0.48456790123456794,0.4908196229231661
NSUN5---Cluster1,0.6111111111111112,0.564935064935065,0.5769230769230769,0.5625,0.5461538461538461,0.38863287483904596
NSUN7---Cluster1,0.6388888888888888,0.5,0.5,0.49946524064171127,0.5491071428571428,0.25628239407651177
OCIAD2---Cluster1,0.5277777777777778,0.53125,0.5309597523219814,0.5274131274131273,0.563467492260062,0.537824761619549
OLFML1,0.4444444444444444,0.4666666666666667,0.46488294314381273,0.4427244582043343,0.5083612040133779,0.43194098340014836
OLFML2B---Cluster1,0.6111111111111112,0.5451505016722409,0.5555555555555556,0.5418181818181819,0.5349794238683128,0.28052207566096454
OR2L13---Cluster1,0.4444444444444444,0.4582043343653251,0.4444444444444444,0.4155844155844156,0.4609053497942387,0.23715834405408973
OSMR---Cluster1,0.5277777777777778,0.479933110367893,0.47916666666666663,0.4791489361702128,0.59375,0.425848151251377
OSTF1,0.5277777777777778,0.5380952380952381,0.5375,0.5274131274131274,0.5859375,0.5498587168120836
P2RY2---Cluster2,0.5555555555555556,0.55625,0.5555555555555556,0.5541795665634675,0.4969135802469136,0.5208453751611726
PABPC5,0.6944444444444444,0.6018181818181818,0.625,0.6067527308838133,0.5223214285714286,0.7564529600140841
PAK7---Cluster2,0.5555555555555556,0.4583333333333333,0.44642857142857145,0.44615384615384623,0.4955357142857143,0.334760640367258
PARVG,0.5277777777777778,0.5277777777777778,0.5301003344481605,0.5184893784421715,0.5852842809364548,0.49351894544202235
PCDH11Y,0.6111111111111112,0.5785953177257526,0.5785953177257526,0.5785953177257526,0.5919732441471571,0.7454178267843068
PCDHB14,0.6944444444444444,0.5394088669950738,0.5357142857142857,0.5368421052631579,0.53125,0.2549910252684852
PCDHB3,0.6666666666666666,0.5925925925925926,0.5818181818181818,0.5846153846153845,0.6254545454545454,0.5790617211071757
PCDHB5,0.4444444444444444,0.45,0.45,0.4444444444444445,0.478125,0.5270788395034085
PDGFD---Cluster1,0.6666666666666666,0.6071428571428572,0.5833333333333334,0.5846153846153845,0.4826388888888889,0.3478027750747066
PDGFRA---Cluster2,0.6944444444444444,0.6548387096774193,0.5833333333333333,0.5764705882352941,0.5868055555555556,0.4921047017184538
PDLIM4---Cluster1,0.6111111111111112,0.541871921182266,0.5284280936454849,0.5153846153846154,0.5652173913043479,0.42040310271035075
PHKA2---Cluster2,0.6388888888888888,0.44999999999999996,0.4629629629629629,0.4526315789473684,0.4732510288065844,0.24718698996476773
PHLDA2---Cluster3,0.3888888888888889,0.3900928792569659,0.3900928792569659,0.3888888888888889,0.3095975232198143,0.41757976755902637
PIK3CD,0.4444444444444444,0.44375,0.4444444444444444,0.44272445820433437,0.39814814814814814,0.4744799728270106
PIK3CG,0.7777777777777778,0.6,0.6,0.6,0.5555555555555555,0.3799433616525071
PIPOX---Cluster1,0.75,0.39705882352941174,0.46551724137931033,0.42857142857142855,0.5566502463054187,0.2514295373321742
PLA2G5---Cluster2,0.5555555555555556,0.5238095238095238,0.5272727272727272,0.5183946488294314,0.5327272727272727,0.4462444581562229
PLXDC1---Cluster1,0.6111111111111112,0.43349753694581283,0.4444444444444444,0.4375,0.4609053497942387,0.26297073362926404
PLXNB1---Cluster1,0.3333333333333333,0.34285714285714286,0.34285714285714286,0.3333333333333333,0.33968253968253964,0.39214113525895133
PNPLA4,0.5277777777777778,0.5357142857142857,0.5340557275541795,0.5244755244755246,0.5634674922600619,0.6365929459653408
PODXL---Cluster1,0.6111111111111112,0.5163636363636364,0.5185185185185185,0.5153846153846154,0.6213991769547325,0.32559686690121475
POLE4,0.6388888888888888,0.5833333333333334,0.5872727272727273,0.5847382431233363,0.5854545454545454,0.4798203842940685
POU4F1---Cluster1,0.6944444444444444,0.6857585139318885,0.7083333333333333,0.682437850842021,0.8576388888888888,0.7653989120900886
PPIC---Cluster1,0.8888888888888888,0.8768472906403941,0.8148148148148148,0.8392857142857143,0.9753086419753086,0.9328843995510663
PRKCDBP---Cluster1,0.6666666666666666,0.6387959866220736,0.6387959866220736,0.6387959866220735,0.5719063545150502,0.519842182906699
PRPH,0.6666666666666666,0.5185185185185185,0.5221674876847291,0.5178571428571428,0.5960591133004927,0.2579028379028379
PSMA7---Cluster1,0.7222222222222222,0.6709677419354838,0.5963636363636364,0.5982142857142857,0.6181818181818182,0.4325965923559507
PSMB8---Cluster2,0.5555555555555556,0.5272727272727272,0.5238095238095238,0.5183946488294314,0.5555555555555556,0.5165762063606891
PTGS1---Cluster1,0.7777777777777778,0.42424242424242425,0.45161290322580644,0.4375,0.6387096774193548,0.22753501400560225
PTPN22,0.3611111111111111,0.3611111111111111,0.3494983277591973,0.34854445318646743,0.41137123745819393,0.601619078562568
PTPN7---Cluster1,0.5,0.4916387959866221,0.49226006191950467,0.48571428571428577,0.49226006191950467,0.4834563944154737
PTTG1---Cluster1,0.6666666666666666,0.6041666666666666,0.6153846153846154,0.6072727272727273,0.6269230769230769,0.38204963217784593
PYCARD---Cluster1,0.5277777777777778,0.4309090909090909,0.42692307692307696,0.42857142857142855,0.36923076923076925,0.25716850987886797
RAB32---Cluster1,0.6111111111111112,0.5451505016722409,0.5555555555555556,0.5418181818181819,0.5967078189300411,0.455918397222745
RAB34---Cluster1,0.6111111111111112,0.5416666666666666,0.5461538461538462,0.5418181818181818,0.6230769230769231,0.3533125591373673
RAC2,0.4722222222222222,0.44181818181818183,0.45,0.43703703703703706,0.328125,0.3692323441205737
RASSF1---Cluster3,0.5555555555555556,0.5479876160990712,0.5518394648829431,0.5428571428571429,0.6454849498327759,0.5755428318750022
RASSF5---Cluster3,0.5,0.48125,0.47916666666666663,0.474025974025974,0.513888888888889,0.7083568926606206
RBM24,0.5555555555555556,0.525,0.5357142857142857,0.5,0.5892857142857143,0.30951302238066947
RCAN2,0.6388888888888888,0.5,0.5,0.49946524064171127,0.5884773662551439,0.809175135145533
RCN3---Cluster2,0.3888888888888889,0.4024767801857585,0.37037037037037035,0.35714285714285715,0.34156378600823045,0.2036863744593213
RELN,0.5833333333333334,0.49636363636363634,0.49615384615384617,0.4957983193277311,0.5230769230769231,0.7536702808627744
RFESD,0.6111111111111112,0.36666666666666664,0.39285714285714285,0.3793103448275862,0.4285714285714286,0.20724867724867727
RFTN1---Cluster1,0.6111111111111112,0.6130030959752322,0.6130030959752322,0.6111111111111113,0.6006191950464396,0.6155886196133874
RGN---Cluster1,0.4166666666666667,0.40476190476190477,0.40625,0.40519276160503537,0.35625,0.5104561933868476
RGS1,0.4722222222222222,0.4375,0.44285714285714284,0.43703703703703706,0.4222222222222222,0.5717185518601815
RHCG,0.5277777777777778,0.5309597523219814,0.53125,0.5274131274131273,0.534375,0.6061421199645068
RHOD,0.7777777777777778,0.6193548387096774,0.5911330049261083,0.6,0.6059113300492611,0.8435588713325096
RHPN2,0.5,0.5,0.5,0.48571428571428577,0.49074074074074076,0.5444398929747445
RIPK3---Cluster2,0.6111111111111112,0.609907120743034,0.609907120743034,0.609907120743034,0.653250773993808,0.6696336372983938
RNASE1---Cluster1,0.5555555555555556,0.5272727272727272,0.5238095238095238,0.5183946488294314,0.4349206349206349,0.542120897211122
RNF135,0.5833333333333334,0.55,0.5285714285714286,0.4957983193277311,0.5873015873015873,0.5006994196798119
RNF149---Cluster1,0.5,0.5,0.5,0.474025974025974,0.5307692307692308,0.411315763474684
ROR2---Cluster1,0.5555555555555556,0.4814814814814815,0.48494983277591974,0.47636363636363643,0.5852842809364548,0.4120080318482668
RPP25---Cluster1,0.75,0.611111111111111,0.65,0.6210526315789474,0.6388888888888888,0.2718253968253968
RPP30,0.7777777777777778,0.6666666666666667,0.6339285714285714,0.645320197044335,0.7410714285714286,0.9088524105769841
RPRM,0.6388888888888888,0.4507389162561576,0.45535714285714285,0.45263157894736833,0.32589285714285715,0.1862327403787602
RUFY3---Cluster2,0.6111111111111112,0.48148148148148145,0.48148148148148145,0.48148148148148145,0.448559670781893,0.3427034238211982
S100A16---Cluster2,0.5277777777777778,0.5133779264214047,0.5125,0.5092221331194867,0.621875,0.7695600036868155
SCG5,0.5833333333333334,0.5,0.5,0.4957983193277311,0.4197530864197531,0.2485563450237363
SELENBP1,0.6388888888888888,0.5049261083743842,0.5038461538461538,0.49946524064171116,0.47692307692307695,0.2913386752136752
SEPT1,0.6944444444444444,0.7036363636363636,0.675,0.674074074074074,0.6875000000000001,0.6981197177146721
SERPINB1---Cluster1,0.6666666666666666,0.484375,0.4923076923076923,0.4679802955665025,0.5384615384615384,0.32896094793239916
SERPINB9---Cluster1,0.4444444444444444,0.4481605351170569,0.4520123839009288,0.4375,0.5015479876160991,0.5627561750367565
SFRP1---Cluster3,0.5277777777777778,0.49375,0.49014778325123154,0.45696539485359355,0.5591133004926109,0.8114585268242231
SFRP2---Cluster2,0.5833333333333334,0.5857142857142856,0.5833333333333333,0.5804195804195804,0.5617283950617284,0.6107953327234373
SH2B3---Cluster1,0.5,0.44147157190635455,0.43636363636363634,0.4375,0.5709090909090909,0.3562185440247369
SH3GL3,0.4444444444444444,0.41558441558441556,0.41558441558441556,0.41558441558441556,0.3961038961038961,0.3549990415746718
SH3TC2---Cluster2,0.6388888888888888,0.5387096774193548,0.5208333333333334,0.49946524064171116,0.45138888888888895,0.6783474552150146
SHKBP1,0.5,0.47491638795986624,0.47619047619047616,0.474025974025974,0.45714285714285713,0.4753931376201491
SLA,0.5833333333333334,0.5735785953177257,0.56875,0.5669607056936647,0.578125,0.5987402182626279
SLAMF8---Cluster1,0.6111111111111112,0.5163636363636364,0.5185185185185185,0.5153846153846154,0.49382716049382713,0.25403884689118233
SLC10A4---Cluster1,0.5833333333333334,0.5833333333333333,0.5857142857142856,0.5804195804195804,0.638095238095238,0.5901682035058645
SLC12A7---Cluster1,0.4444444444444444,0.4025974025974026,0.3958333333333333,0.39799331103678925,0.36111111111111105,0.3032253952104224
SLC13A5---Cluster1,0.5555555555555556,0.55,0.55,0.55,0.5375,0.6653118892049283
SLC16A14,0.4722222222222222,0.45,0.44181818181818183,0.43703703703703706,0.49818181818181817,0.3750584020606904
SLC16A3---Cluster1,0.6111111111111112,0.5461538461538462,0.5416666666666666,0.5418181818181818,0.5833333333333334,0.47705045053549106
SLC25A21---Cluster1,0.5833333333333334,0.5416666666666666,0.540133779264214,0.5404255319148936,0.608695652173913,0.764778000967735
SLC25A24---Cluster1,0.6111111111111112,0.5451505016722409,0.5555555555555556,0.5418181818181819,0.5637860082304527,0.29412630405810286
SLC25A43,0.5277777777777778,0.5277777777777778,0.5278637770897833,0.5274131274131274,0.5170278637770898,0.48579185520361984
SLC26A4,0.5833333333333334,0.5735785953177257,0.56875,0.5669607056936647,0.6000000000000001,0.6998717891468458
SLC2A4RG---Cluster1,0.6944444444444444,0.5803571428571428,0.5740740740740741,0.5764705882352941,0.6419753086419753,0.42498757415424077
SLC40A1---Cluster1,0.7222222222222222,0.6666666666666667,0.6472727272727272,0.6538461538461539,0.5563636363636364,0.44592147687145933
SLC7A7---Cluster1,0.5833333333333334,0.5833333333333334,0.5835913312693499,0.5830115830115831,0.5975232198142415,0.5572404285249443
SLITRK4---Cluster1,0.5555555555555556,0.41538461538461535,0.4017857142857143,0.4074074074074075,0.41517857142857145,0.7418147106485173
SMG6---Cluster1,0.6666666666666666,0.6476190476190475,0.6555183946488294,0.6493506493506493,0.6588628762541805,0.8017088452399577
SMOC1,0.6388888888888888,0.625,0.6337792642140468,0.6246992782678429,0.6153846153846154,0.7601287771813461
SMPD3---Cluster3,0.6388888888888888,0.5833333333333334,0.5872727272727273,0.5847382431233363,0.5890909090909091,0.757601751257392
SMS,0.4722222222222222,0.44181818181818183,0.45,0.43703703703703706,0.509375,0.49173079560788124
SNAI1,0.4444444444444444,0.44375,0.4444444444444444,0.44272445820433437,0.4876543209876543,0.5349232966602099
SNAP91,0.5555555555555556,0.5194805194805194,0.5208333333333334,0.5183946488294314,0.5729166666666667,0.44395788215258364
SNX21---Cluster1,0.7222222222222222,0.5666666666666667,0.5535714285714286,0.5566502463054188,0.6517857142857143,0.37815684315684317
SOCS2---Cluster2,0.5555555555555556,0.56875,0.5714285714285714,0.5541795665634675,0.6168831168831168,0.6857405171325514
SOCS2---Cluster3,0.5,0.50625,0.50625,0.5,0.5625,0.6581276392798334
SOCS3---Cluster2,0.4166666666666667,0.41021671826625383,0.40584415584415584,0.40519276160503537,0.37987012987012986,0.34448776861158625
SOX1,0.6666666666666666,0.6555183946488294,0.6476190476190475,0.6493506493506493,0.7555555555555555,0.6634153326544631
SOX10---Cluster1,0.4444444444444444,0.41558441558441556,0.41558441558441556,0.41558441558441556,0.4383116883116883,0.6780840557450634
SP140---Cluster2,0.6111111111111112,0.4375,0.4375,0.4375,0.4508928571428571,0.21987581132317974
SP8---Cluster1,0.5555555555555556,0.5555555555555556,0.5625,0.5428571428571428,0.7222222222222223,0.562984544695071
SPAG4,0.4722222222222222,0.4875,0.4866220735785953,0.4685314685314685,0.5919732441471572,0.5725269535224287
SPATA18---Cluster2,0.5555555555555556,0.5518394648829431,0.5479876160990712,0.5428571428571429,0.6130030959752322,0.5759148225654485
SPEF2---Cluster1,0.5277777777777778,0.5208333333333333,0.5185758513931888,0.5092221331194867,0.43034055727554177,0.4801167457810969
SQRDL---Cluster1,0.5833333333333334,0.41625615763546797,0.4346153846153846,0.4224598930481284,0.38076923076923075,0.24255260072171836
ST8SIA5---Cluster1,0.4722222222222222,0.43645484949832775,0.4383116883116883,0.4370370370370371,0.40909090909090906,0.3684672476634599
STAT6---Cluster1,0.5555555555555556,0.4461538461538461,0.4461538461538461,0.4461538461538462,0.4115384615384616,0.2606263680276838
STBD1---Cluster1,0.5833333333333334,0.5422077922077922,0.5472727272727272,0.5404255319148936,0.509090909090909,0.317490037872813
STMN4---Cluster1,0.7222222222222222,0.5870967741935484,0.5555555555555556,0.5566502463054187,0.5390946502057613,0.34618711241429295
STRA6,0.4722222222222222,0.4628482972136223,0.45833333333333337,0.45148356054530875,0.47569444444444453,0.6807114909483967
STX1B---Cluster2,0.6666666666666666,0.4732142857142857,0.4666666666666667,0.46798029556650245,0.8,0.9626046191979336
SUSD2---Cluster1,0.5277777777777778,0.5357142857142857,0.5340557275541795,0.5244755244755246,0.4736842105263158,0.45257307442153377
SWAP70---Cluster1,0.7222222222222222,0.6296296296296295,0.6296296296296295,0.6296296296296295,0.6296296296296297,0.5434063722107201
TAGLN,0.6388888888888888,0.600334448160535,0.6041666666666667,0.6017021276595745,0.5590277777777778,0.3887828725035122
TC2N---Cluster2,0.4444444444444444,0.375,0.375,0.375,0.3888888888888889,0.28511697289347937
TCTEX1D1,0.5833333333333334,0.5788177339901477,0.55,0.520851818988465,0.603125,0.5994407000700538
TGFB2---Cluster1,0.6388888888888888,0.5653846153846154,0.5618181818181818,0.5630252100840336,0.5963636363636364,0.40731881754609023
TGFBI---Cluster1,0.5555555555555556,0.40740740740740744,0.40740740740740744,0.40740740740740744,0.448559670781893,0.3209691500899597
TGFBR1,0.5,0.46181818181818185,0.4666666666666667,0.4581939799331104,0.47936507936507944,0.4907147579088079
THBS1---Cluster1,0.6666666666666666,0.6387096774193548,0.5719063545150501,0.5555555555555556,0.6923076923076924,0.5752667267373149
THEM4---Cluster1,0.3888888888888889,0.3888888888888889,0.3888888888888889,0.3888888888888889,0.37962962962962965,0.4952333344795078
THNSL2---Cluster1,0.5833333333333334,0.5551948051948051,0.5568561872909699,0.5555555555555556,0.5284280936454849,0.6447059314584025
TMBIM1,0.6388888888888888,0.5363636363636364,0.5446428571428572,0.5352532274081431,0.5535714285714286,0.41472750697015404
TMEM159,0.4722222222222222,0.3888888888888889,0.41233766233766234,0.3930789707187222,0.48376623376623373,0.36509045281356495
TMEM163,0.6111111111111112,0.6111111111111112,0.6111111111111112,0.6111111111111112,0.6728395061728395,0.7138655114569986
TMEM59---Cluster1,0.8888888888888888,0.8768472906403941,0.8148148148148148,0.8392857142857143,0.9753086419753086,0.9328843995510663
TMSL3,0.5277777777777778,0.48846153846153845,0.4904761904761905,0.4791489361702128,0.4476190476190476,0.45396832594459013
TNFRSF10C---Cluster1,0.5,0.5238095238095237,0.5250836120401338,0.49845201238390086,0.5083612040133779,0.6101986546451542
TNFRSF4,0.4722222222222222,0.4722222222222222,0.4714285714285714,0.46853146853146854,0.48571428571428577,0.5664132377786819
TPBG,0.5,0.46923076923076923,0.475,0.45819397993311034,0.45625,0.49791106793673984
TRAF1---Cluster1,0.6111111111111112,0.4876847290640394,0.49090909090909096,0.4814814814814815,0.5054545454545454,0.3260233992528581
TRAM1---Cluster1,0.6111111111111112,0.34375,0.4230769230769231,0.3793103448275862,0.45769230769230773,0.7527498297467459
TRAM1L1---Cluster1,0.5833333333333334,0.5857142857142856,0.5833333333333333,0.5804195804195804,0.5432098765432098,0.5726503146259059
TREML2,0.5833333333333334,0.5833333333333334,0.5981818181818181,0.5669607056936649,0.56,0.4172874347874348
TRIM59---Cluster1,0.5277777777777778,0.5340557275541795,0.5357142857142857,0.5244755244755246,0.564935064935065,0.42879004304998725
TTC12,0.4166666666666667,0.35185185185185186,0.3875,0.35659574468085103,0.49999999999999994,0.43488263791869103
TUSC3,0.4444444444444444,0.4444444444444444,0.44155844155844154,0.4375,0.4318181818181819,0.3765044650564484
USP54---Cluster1,0.5,0.48125,0.47916666666666663,0.474025974025974,0.4652777777777778,0.37551832305121785
VAMP8---Cluster1,0.6388888888888888,0.6136363636363636,0.6170568561872909,0.6148148148148148,0.6287625418060201,0.477366316875465
VILL---Cluster1,0.3888888888888889,0.35451505016722407,0.36190476190476195,0.35714285714285715,0.37777777777777777,0.37839455933516986
VNN2---Cluster1,0.6666666666666666,0.4732142857142857,0.4666666666666667,0.46798029556650245,0.41111111111111115,0.18568980321173303
VWA1---Cluster2,0.5277777777777778,0.47916666666666663,0.479933110367893,0.4791489361702128,0.5050167224080268,0.38824931189059747
VWC2---Cluster1,0.6388888888888888,0.6142857142857143,0.625,0.6148148148148149,0.5833333333333334,0.564086605766593
WBSCR17,0.7222222222222222,0.6108374384236454,0.5925925925925926,0.5982142857142858,0.7242798353909465,0.8927931232061268
XBP1,0.5833333333333334,0.5234113712374582,0.5269230769230769,0.5208518189884649,0.44230769230769235,0.6911979624878779
ZAR1,0.5277777777777778,0.5133779264214047,0.5125,0.5092221331194867,0.54375,0.45847483694484376
ZCCHC14,0.75,0.7040133779264214,0.7346153846153847,0.712511091393079,0.7923076923076923,0.9220970732497098
ZDHHC12---Cluster1,0.6666666666666666,0.625,0.625,0.625,0.6979166666666666,0.6061673280423281
ZIC1---Cluster1,0.5,0.5083612040133779,0.5077399380804953,0.49375,0.3746130030959752,0.45703895301668196
ZMYND10---Cluster1,0.6944444444444444,0.677257525083612,0.672077922077922,0.674074074074074,0.6818181818181818,0.6398814141041032
ZNF154---Cluster1,0.5833333333333334,0.5743034055727554,0.5833333333333334,0.5669607056936649,0.6111111111111112,0.7185088406890273
ZNF542---Cluster2,0.5833333333333334,0.47916666666666663,0.47044334975369456,0.46375372393247266,0.5073891625615763,0.26788697935314476
