,cluster_0,cluster_1,cluster_2,cluster_3,cluster_4
cellularity_Median,0.0,-2.133939360773676,0.0,0.0,0.0
cellularity_Inter_Quartile_Range,-1.45793865838602,0.7612808756000785,-1.5328466949328654,-0.571804787311448,-2.6830160762525392
cellularity_Robust_Skewness,0.0,-0.3346694870025242,2.1001460454824117,1.400600434187213,0.0
cellularity_Robust_Kurtosis,-2.064259932644706,0.38003571782663925,-1.9042221288982804,-0.9414563714861537,-3.2569049679573188
cell_voronoi_area_Median,0.0,-7.4798772620668625,0.0,0.0,0.0
cell_voronoi_area_Inter_Quartile_Range,0.5137029086581616,6.298879775638554,0.873270643419822,1.2881581349361741,0.0
cell_voronoi_area_Robust_Skewness,0.5556373377716216,0.14683040004278022,1.466308908335071,0.0,0.0
cell_voronoi_area_Robust_Kurtosis,0.0,-2.1015720281884427,1.3801502924081934,0.0,-2.476554493806682
cytoplasm_background_intensity_mean_Median,0.06946207806920596,0.0,0.0,0.0,0.6653467855741112
cytoplasm_background_intensity_mean_Inter_Quartile_Range,-0.003442787965616637,-11.946227503681895,-2.8293638010318243,-1.9867766652182062,-0.4852701697982177
cytoplasm_background_intensity_mean_Robust_Skewness,0.0,7.995830394976704,2.816095252996773,1.4034564729379182,0.0
cytoplasm_background_intensity_mean_Robust_Kurtosis,0.0,4.641576869295327,0.0,0.0,1.9890351740527876
cytoplasm_background_intensity_sd_Median,-0.3057656649469676,0.0,-0.2633025318796179,-2.9273414315080886,0.0
cytoplasm_background_intensity_sd_Inter_Quartile_Range,-6.475588770460446,-0.9632399383005537,-3.9915688712471353,-3.250692588718657,0.0
cytoplasm_background_intensity_sd_Robust_Skewness,0.0,-8.435863121634904,-1.4821055159669574,-0.14296713602682326,-0.004821361027621007
cytoplasm_background_intensity_sd_Robust_Kurtosis,0.1636874097890829,4.298811065097815,0.0,-1.780959377707197,0.0
cytoplasm_contrast_mean_Median,0.0,0.0,0.0,0.59647524574282,0.0
cytoplasm_contrast_mean_Inter_Quartile_Range,3.6661373804257087,-0.2855907793099558,0.6570178490597575,0.0,2.2574397985495906
cytoplasm_contrast_mean_Robust_Skewness,0.0,-5.895408651275456,0.0,-2.237647987168549,-2.7352301675544983
cytoplasm_contrast_mean_Robust_Kurtosis,0.1896122085371545,0.0,0.0,-1.9428547532157945,2.5830267533073195
cytoplasm_gradient_mean_Median,3.06823481114267,0.0,2.4624461491005962,0.0,1.7655479768408824
cytoplasm_gradient_mean_Inter_Quartile_Range,0.0,1.8398998332615581,2.0090462938829763,-1.4857292433325293,0.0
cytoplasm_gradient_mean_Robust_Skewness,-5.6098901989094605,0.0,-5.029973156969421,-7.495890540334142,-6.909816699439299
cytoplasm_gradient_mean_Robust_Kurtosis,-4.112121685245103,2.3521672707766275,-3.6458601555754773,-0.24459095205501813,-2.5186389524123287
cytoplasm_gradient_sd_Median,0.0,-7.8977713463111305,0.0,0.0,0.0
cytoplasm_gradient_sd_Inter_Quartile_Range,5.501234444596125,0.0,6.422005428093815,12.596501518444642,4.577485874011052
cytoplasm_gradient_sd_Robust_Skewness,0.0,3.8992559958513615,0.0,-1.3564102684170123,0.0
cytoplasm_gradient_sd_Robust_Kurtosis,0.0,-9.568717970460908,-0.7728156713859792,-0.7216898619845862,-1.289022705498217
cytoplasm_intensity_mean_Median,0.0,0.0,0.0,0.0011529022067429764,0.518857281124147
cytoplasm_intensity_mean_Inter_Quartile_Range,0.0,0.0,0.0,0.0,0.0
cytoplasm_intensity_mean_Robust_Skewness,0.0,-4.152154591341002,0.0,2.3711072756762883,0.0
cytoplasm_intensity_mean_Robust_Kurtosis,0.0,0.0,-1.0209745787803775,-0.9754413748973972,-1.4828521422616059
cytoplasm_intensity_sd_Median,0.0,6.980725167347578,0.0,0.0,0.0
cytoplasm_intensity_sd_Inter_Quartile_Range,0.0,7.508398509249928,-3.9040549190681344,0.0,0.0
cytoplasm_intensity_sd_Robust_Skewness,0.0,0.4157455557297359,0.013847643733282015,0.0,-1.0890393412773984
cytoplasm_intensity_sd_Robust_Kurtosis,-3.3116227055847274,-3.718226580842317,-2.096583692639058,6.674585919394559,0.0
cytoplasm_intensity_total_Median,0.0,4.564444130621787,-0.8742364215229327,0.0,0.0
cytoplasm_intensity_total_Inter_Quartile_Range,-0.3703415599494247,4.788460495367015,0.0,-3.222771381382056,-3.2018704253345422
cytoplasm_intensity_total_Robust_Skewness,0.0,-0.9048785238632091,0.0,0.0,1.048339407047533
cytoplasm_intensity_total_Robust_Kurtosis,-0.49787272569073965,-1.838288178579667,-0.5093617834644685,-1.0751717709312616,-1.9043799878634178
edge_length_Median,0.0,0.0,2.006668745836024,0.0,0.20103813965879358
edge_length_Inter_Quartile_Range,0.2099340841602003,3.2683402700968807,3.343684756082054,0.5167588411732607,0.24441446749894571
edge_length_Robust_Skewness,0.14047280303578213,0.04440563877270765,0.0,1.9852750563353452,1.6352154838702442
edge_length_Robust_Kurtosis,0.0,0.08790767460302393,0.0,0.6360430210886697,1.63286435921567
nucleus_area_Median,0.0,0.0,-0.009321090347776752,-2.1314650255505616,0.0
nucleus_area_Inter_Quartile_Range,0.0,0.0,-0.5858145905325338,-2.3279006303176346,0.0
nucleus_area_Robust_Skewness,1.3854485191286445,-4.602232785232737,5.055102424625251,0.0,2.114018890819982
nucleus_area_Robust_Kurtosis,2.0917911394219533,0.32478757371743183,0.0,3.4344632699691573,0.07537498109310423
nucleus_aspect_ratio_Median,2.8114996891964688,-15.419263053067763,1.095495109401902,2.8052334794237828,2.1427878161770675
nucleus_aspect_ratio_Inter_Quartile_Range,-0.16420162241436287,-0.006683846557579405,0.0,-0.7633678158780975,0.0
nucleus_aspect_ratio_Robust_Skewness,0.6082403565345047,-2.662885177032563,0.418014161615634,-1.8363634052756088,-0.8674454530904775
nucleus_aspect_ratio_Robust_Kurtosis,1.809835331151341,-3.2487118383905655,3.261411249772319,-0.30145507585645226,0.0
nucleus_background_intensity_mean_Median,0.0,0.0,0.0,2.0450647890628098,0.6527254798793629
nucleus_background_intensity_mean_Inter_Quartile_Range,-0.2463664587893442,15.918882159490394,0.0,0.0,-3.0574959509711275
nucleus_background_intensity_mean_Robust_Skewness,2.651806178035465,5.514481574284235,0.7230115416656065,5.514915026742086,4.467505035820624
nucleus_background_intensity_mean_Robust_Kurtosis,0.11668314837417303,0.0,3.473095730568374,0.6194411057487981,0.0
nucleus_background_intensity_sd_Median,1.3775694070836075,3.7651508000462988,3.958487309498605,0.0,0.0
nucleus_background_intensity_sd_Inter_Quartile_Range,0.0,-1.5042835625525048,2.5584734539311795,0.0,0.0
nucleus_background_intensity_sd_Robust_Skewness,-2.3017992753654974,-1.320130467281254,-3.108784287738253,-0.4912206981390818,0.0
nucleus_background_intensity_sd_Robust_Kurtosis,0.60699356297892,6.503756266847487,1.5902411887315648,-0.1214944593348786,0.0
nucleus_bending_energy_s1_mean_Median,0.0,-3.8962670810559903,-0.1484720931559579,0.0,0.0
nucleus_bending_energy_s1_mean_Inter_Quartile_Range,1.2127146679965597,-16.936418390418684,1.9222445434458415,0.0,0.0
nucleus_bending_energy_s1_mean_Robust_Skewness,-0.43084350694572565,-6.545601222316191,2.369733507176381,-3.337320329481837,0.0
nucleus_bending_energy_s1_mean_Robust_Kurtosis,1.8698159225348778,-0.010913557031704506,0.284685479287731,2.289330729919652,0.2376587114630982
nucleus_contrast_mean_Median,0.0,1.2407109350542478,0.0,0.0,0.0
nucleus_contrast_mean_Inter_Quartile_Range,0.0,-24.8408083375906,0.9023374281522506,0.0,0.0
nucleus_contrast_mean_Robust_Skewness,0.19414160901441194,-0.4005746269974739,0.0,-0.0006941931218985937,2.3140012870303512
nucleus_contrast_mean_Robust_Kurtosis,1.9601308791785559,-0.08637715002181158,2.524353163904903,2.0185746887880374,1.207344660114643
nucleus_curvature_s1_sd_Median,0.0,3.5128510004380304,0.0,1.5213460505815493,0.0
nucleus_curvature_s1_sd_Inter_Quartile_Range,6.603147231898468,6.366101657778889,1.4226685941444672,5.749496012356454,6.649052795971044
nucleus_curvature_s1_sd_Robust_Skewness,0.0,-3.583506474622442,0.0,0.0,0.0
nucleus_curvature_s1_sd_Robust_Kurtosis,0.0,0.0,3.1487740996614395,2.9496496015085065,4.038318837830314
nucleus_deviation_from_polygon_convexity_Median,0.0,0.11326074863739892,0.1736058103969992,0.7079572555722632,0.6269129148158985
nucleus_deviation_from_polygon_convexity_Inter_Quartile_Range,0.0,0.087432674316761,0.007551030799909767,1.2857025161991034,0.7370833347394571
nucleus_gradient_mean_Median,0.0,0.0,0.0,0.0,0.0
nucleus_gradient_mean_Inter_Quartile_Range,0.0,0.32107126710331507,-0.6126269191876593,0.35094597427846347,0.0
nucleus_gradient_mean_Robust_Skewness,0.0,10.721443328107698,1.7027441966966674,2.284986727768353,0.0
nucleus_gradient_mean_Robust_Kurtosis,0.0,-0.49829893554126065,1.082307512775631,-0.14393713526118934,-0.38238940978249525
nucleus_gradient_sd_Median,0.0,-9.010500783116443,0.0,0.0,0.0
nucleus_gradient_sd_Inter_Quartile_Range,0.0,9.299387441285177,0.0,0.0,0.0
nucleus_gradient_sd_Robust_Skewness,-1.1886677024573267,0.0,0.0,-5.989923344778168,-0.21991343189901758
nucleus_gradient_sd_Robust_Kurtosis,1.3928070498479916,0.08579768832460534,1.6227128219076523,0.985823131218475,0.2733899560455545
nucleus_intensity_mean_Median,1.3574850457868997,3.966845570793157,0.0,3.516925505584649,1.2220294084438044
nucleus_intensity_mean_Inter_Quartile_Range,0.0,4.7273273194073475,0.0,0.0,-0.9294916429018724
nucleus_intensity_mean_Robust_Skewness,3.705396458141689,-0.09734417320610876,0.4651305425858454,0.0,0.28027926468357506
nucleus_intensity_mean_Robust_Kurtosis,1.0815456712443439,-8.90141128620711,-0.22021270785829666,-0.4683242376691348,0.0
nucleus_intensity_sd_Median,0.0,-5.46269989013906,0.0,3.9228049473612168,0.0
nucleus_intensity_sd_Inter_Quartile_Range,0.0,0.0,-0.8010919087593478,0.0,0.0
nucleus_intensity_sd_Robust_Skewness,4.510505588673033,-12.377634319854444,0.7543848021268478,0.0,0.0
nucleus_intensity_sd_Robust_Kurtosis,-1.433934229447846,0.0,-1.6479927201779132,-0.0713644832931532,0.0
nucleus_intensity_total_Median,0.0,1.3887389021700134,-0.44095895356181614,2.460310302595827,0.7775821649140768
nucleus_intensity_total_Inter_Quartile_Range,0.0,0.07978052055254026,-3.3250932000662385,0.20755623042878468,0.0
nucleus_intensity_total_Robust_Skewness,-0.45429956365885893,0.0,-1.2152304847333406,-3.678060581410897,-0.7591924841333874
nucleus_intensity_total_Robust_Kurtosis,0.0,0.0,0.0,-0.007340617284084525,0.0
nucleus_major_axis_Median,0.0,0.0,-1.6937240020455056,-2.4128400012245765,0.0
nucleus_major_axis_Inter_Quartile_Range,-3.7913223999305976,-5.975820085058443,-3.112195134092221,0.0,-6.881266655791283
nucleus_major_axis_Robust_Skewness,-2.8693793885782815,0.22600520786271658,-0.9937585910048616,-0.06392589663983382,0.0
nucleus_major_axis_Robust_Kurtosis,0.0,-0.07405866086220929,1.6848358530564045,2.452141914508311,2.058805945386202
nucleus_max_curvature_s1_Median,-10.859648134193801,-2.703786778943318,-4.115626026819696,0.0,-8.026633901578268
nucleus_max_curvature_s1_Inter_Quartile_Range,1.8503309261141836,-1.458387649070846,2.977884560299867,4.362593676192681,1.3017837232952887
nucleus_max_curvature_s1_Robust_Skewness,0.6999270891633009,5.506024906625023,0.0,0.47123870886076213,1.7088393513221594
nucleus_max_curvature_s1_Robust_Kurtosis,0.10425281574587696,-7.48289630739132,2.065717078088883,0.0,0.0
nucleus_minor_axis_Median,0.0,0.0,1.7889682226895358,-0.407235467456933,0.0
nucleus_minor_axis_Inter_Quartile_Range,1.4257799335893693,3.586954243771504,1.3174933365996302,0.034679516192390264,1.6588035175540328
nucleus_minor_axis_Robust_Skewness,2.2330008500668317,0.19757133097144086,0.7442809411506071,-1.9910378297025002,0.588871799711849
nucleus_minor_axis_Robust_Kurtosis,0.0,0.0,-0.49928489732332404,1.9863765547636594,0.08228731233588515
nucleus_orientation_Median,1.4997941331749143,8.663376773235282,0.005300711707789517,-1.0749577331782005,1.0824465034820356
nucleus_orientation_Inter_Quartile_Range,0.0,1.6430376806317228,0.3857211412482,0.0,0.0
nucleus_orientation_Robust_Skewness,-0.8974151704085938,-0.8980639415689488,1.8473805830471124,0.24054261069680732,-0.3874102204350541
nucleus_orientation_Robust_Kurtosis,0.0,0.0,0.0,0.0,0.0
nucleus_perimeter_Median,0.0,-9.717898714058396,0.0,0.0,0.0
nucleus_perimeter_Inter_Quartile_Range,0.0,0.0,-0.1400737018490036,0.0,-1.1340322609185645
nucleus_perimeter_Robust_Skewness,2.0731109931829703,-1.177841003875155,-1.1739230973343695,0.0,0.0
nucleus_perimeter_Robust_Kurtosis,-0.6979559707973001,-4.914225919294437,-1.9174329446505949,-4.034745028745939,-1.525859480425266
nucleus_texture_feature_0_mean_Median,0.0,0.0,0.0,0.0,0.0
nucleus_texture_feature_0_mean_Inter_Quartile_Range,-1.4087325546491267,6.821285105573829,-5.167469015567023,0.0,0.0
nucleus_texture_feature_0_mean_Robust_Skewness,-5.844196264951158,-19.867556993383424,-3.3565879965851413,0.0,-2.3386703934414887
nucleus_texture_feature_0_mean_Robust_Kurtosis,-0.2818988634155538,-3.1081897385758075,-5.536640332147833,1.7340190347778373,0.0
nucleus_texture_feature_0_sd_Median,0.0,0.0,0.0,0.0,0.0
nucleus_texture_feature_0_sd_Inter_Quartile_Range,-0.2359689866467053,0.0,-3.8625169119338674,-3.2335977185006604,-0.9157120513453212
nucleus_texture_feature_0_sd_Robust_Skewness,0.0,3.5331952837375407,0.0,0.0,0.0
nucleus_texture_feature_0_sd_Robust_Kurtosis,-0.05194058659815062,0.0,-0.9570940800083598,0.0,0.6990072798554371
nucleus_texture_feature_1_mean_Median,0.0,0.0,0.0,0.0,0.0
nucleus_texture_feature_1_mean_Inter_Quartile_Range,-2.548239541384681,0.0,0.0,-3.0719498167901538,-2.697159461078568
nucleus_texture_feature_1_mean_Robust_Skewness,0.0,-4.3686488872896305,5.451986154995269,0.0,0.0
nucleus_texture_feature_1_mean_Robust_Kurtosis,3.643017369678851,6.325435630546078,9.069786036579279,1.4008642130339506,1.9938095151620663
nucleus_texture_feature_1_sd_Median,0.0,0.0,0.0,0.0,0.0
nucleus_texture_feature_1_sd_Inter_Quartile_Range,-3.200454404968836,6.874310229253508,-1.864518384586845,-3.683604608103878,-1.0595854856103517
nucleus_texture_feature_1_sd_Robust_Skewness,-0.3804095138761924,18.70855210875615,-1.3114411471819518,0.0,-0.4448441994990307
nucleus_texture_feature_1_sd_Robust_Kurtosis,1.9934072779913958,-8.77007947100094,3.385095315453329,1.5967147995939555,0.9803459058797127
nucleus_texture_feature_10_mean_Median,0.0,0.0,0.1597467062333456,1.1114837379781137,0.0
nucleus_texture_feature_10_mean_Inter_Quartile_Range,3.329885480024892,-18.869284229087455,2.275628370730977,0.0,2.7741196987814885
nucleus_texture_feature_10_mean_Robust_Skewness,0.0,-1.17194767919256,2.701237223410112,0.0,0.4111561785926471
nucleus_texture_feature_10_mean_Robust_Kurtosis,0.0,5.976597037602652,0.051356616415851104,0.0,0.6939859174693443
nucleus_texture_feature_10_sd_Median,0.0,0.0,0.21591133250460479,0.7607381991691258,0.0
nucleus_texture_feature_10_sd_Inter_Quartile_Range,0.4779714531317207,0.0,0.7923089269626241,0.0,3.939338660173444
nucleus_texture_feature_10_sd_Robust_Skewness,0.0,0.0,0.0,0.0,1.2657101730461942
nucleus_texture_feature_10_sd_Robust_Kurtosis,0.0,0.0,0.0,-0.9509343028789852,0.0
nucleus_texture_feature_11_mean_Median,0.0,-3.703942736753791,0.0,0.0,0.0
nucleus_texture_feature_11_mean_Inter_Quartile_Range,0.0,-13.73122663479761,0.14629647183981123,0.6366274031073668,0.0
nucleus_texture_feature_11_mean_Robust_Skewness,2.763157730954814,2.3378065575454894,5.435601356774068,2.590635111009971,4.113943918744109
nucleus_texture_feature_11_mean_Robust_Kurtosis,0.0,0.0,-1.2025583739879138,1.5699867308222364,0.0
nucleus_texture_feature_11_sd_Median,0.0,0.0,0.0,0.0,0.0
nucleus_texture_feature_11_sd_Inter_Quartile_Range,0.0,-0.7043542291090276,0.0,0.0,0.0
nucleus_texture_feature_11_sd_Robust_Skewness,3.367517714715241,0.0,0.0018246533660645353,0.0,0.7204564668647325
nucleus_texture_feature_11_sd_Robust_Kurtosis,0.0,0.14647480327699497,0.0,0.0,0.0
nucleus_texture_feature_2_mean_Median,0.0,0.0,0.0,0.0,0.0
nucleus_texture_feature_2_mean_Inter_Quartile_Range,0.0,12.496577625654714,0.0,0.0,0.0
nucleus_texture_feature_2_mean_Robust_Skewness,-1.687399868816914,5.7476445880326335,-4.147592023888343,0.0,0.0
nucleus_texture_feature_2_mean_Robust_Kurtosis,0.0,-4.299111238552116,4.037786819524912,0.0,0.0
nucleus_texture_feature_2_sd_Median,0.0,0.0,0.0,0.0,0.0
nucleus_texture_feature_2_sd_Inter_Quartile_Range,0.0,0.0,0.0,0.0,0.0
nucleus_texture_feature_2_sd_Robust_Skewness,0.0,-4.729706408867904,0.0,0.0,0.0
nucleus_texture_feature_2_sd_Robust_Kurtosis,0.0,1.0940414112194152,0.0,0.0,0.0
nucleus_texture_feature_3_mean_Median,0.0,0.0,0.0,0.0,0.0
nucleus_texture_feature_3_mean_Inter_Quartile_Range,0.0,0.0,0.0,0.0,0.0
nucleus_texture_feature_3_mean_Robust_Skewness,1.2880461621076371,-6.54253280802937,4.673026729678114,1.5747270717462685,0.0
nucleus_texture_feature_3_mean_Robust_Kurtosis,5.146888129236627,1.886071541949207,0.0566076006724435,0.0,0.0
nucleus_texture_feature_3_sd_Median,0.0,0.0,0.0,0.0,0.0
nucleus_texture_feature_3_sd_Inter_Quartile_Range,0.0,-13.692755632773283,0.0,0.0,0.0
nucleus_texture_feature_3_sd_Robust_Skewness,0.0,-8.540675741625794,-5.012222851397649,-5.998459230908671,-2.303505818032708
nucleus_texture_feature_3_sd_Robust_Kurtosis,-4.4958674956621545,-3.4488473236001296,-8.027794149089042,-1.1772279554765548,-1.002788934475929
nucleus_texture_feature_4_mean_Median,0.0,0.046951836893784786,0.0,0.0,0.0
nucleus_texture_feature_4_mean_Inter_Quartile_Range,0.0,5.2682009269805095,0.0,0.0,-0.012180362179363462
nucleus_texture_feature_4_mean_Robust_Skewness,0.0,4.297385613215796,0.0,0.0,0.0
nucleus_texture_feature_4_mean_Robust_Kurtosis,-0.954135452801094,9.193908647320555,-1.2464131527089435,-4.668795643674531,0.0
nucleus_texture_feature_4_sd_Median,0.0,0.0,0.0,0.0,0.0
nucleus_texture_feature_4_sd_Inter_Quartile_Range,0.0,7.779227779549049,0.0,-1.854708988312354,-5.928934267814424
nucleus_texture_feature_4_sd_Robust_Skewness,0.0,6.757995572659893,2.2388199922961034,0.0,-5.211388571424604
nucleus_texture_feature_4_sd_Robust_Kurtosis,-1.379966043129542,-6.846058677766188,0.34107655070989307,-4.655962858093732,-2.0571619897747104
nucleus_texture_feature_5_mean_Median,0.0,7.973143633016287,0.0,0.0,0.0
nucleus_texture_feature_5_mean_Inter_Quartile_Range,0.0,0.0,0.0,0.0,0.0
nucleus_texture_feature_5_mean_Robust_Skewness,0.0,0.0,-1.4812441341691753,0.0,0.0
nucleus_texture_feature_5_mean_Robust_Kurtosis,-3.127623749933104,-6.556579988080818,-8.201229121029563,-1.4290576663291326,-3.8539361180348757
nucleus_texture_feature_5_sd_Median,0.0,17.637519932145416,-1.5612991516576544,0.0,0.0
nucleus_texture_feature_5_sd_Inter_Quartile_Range,0.0,0.0,-0.1658235067590136,-2.0134016727492545,0.0
nucleus_texture_feature_5_sd_Robust_Skewness,0.7095520596976904,1.3893357419527297,2.185461493129578,2.1234762264523575,0.0
nucleus_texture_feature_5_sd_Robust_Kurtosis,3.3158511240205564,-15.07573391534914,7.293970356699011,1.6677416608321651,5.606128528340361
nucleus_texture_feature_6_mean_Median,0.0,0.0,0.0580475495584419,0.0,0.0
nucleus_texture_feature_6_mean_Inter_Quartile_Range,0.0,0.0,4.042128406651144,0.0,0.6097134800461635
nucleus_texture_feature_6_mean_Robust_Skewness,0.0,-0.822249854547701,-3.4696534465385325,0.8979208978782713,0.0
nucleus_texture_feature_6_mean_Robust_Kurtosis,0.0,-0.48324834369583397,0.0,3.693777390578008,1.4368805711491406
nucleus_texture_feature_6_sd_Median,0.0,1.9302025237970253,0.0,0.0,0.0
nucleus_texture_feature_6_sd_Inter_Quartile_Range,0.0,3.999047130620694,0.3990532914229814,0.0,0.0
nucleus_texture_feature_6_sd_Robust_Skewness,0.0,2.9793720373074373,0.0,0.0,-0.4697990732970871
nucleus_texture_feature_6_sd_Robust_Kurtosis,0.0,5.250269864219484,0.0,0.0,-0.8811772836477979
nucleus_texture_feature_7_mean_Median,0.0,0.0,0.0,0.0,0.0
nucleus_texture_feature_7_mean_Inter_Quartile_Range,0.0,-7.137842673780761,0.0,0.0,0.3981202884766378
nucleus_texture_feature_7_mean_Robust_Skewness,3.3438294248029083,-1.2855274646370447,8.476395582654098,2.2523668329850848,4.451516563082686
nucleus_texture_feature_7_mean_Robust_Kurtosis,0.0,-4.980009345924767,0.0,-3.973392735770124,0.0
nucleus_texture_feature_7_sd_Median,0.0,0.7195455044332247,0.0,0.0,0.0
nucleus_texture_feature_7_sd_Inter_Quartile_Range,0.0,-10.058096309281918,0.0,0.0,0.0
nucleus_texture_feature_7_sd_Robust_Skewness,1.0765178482628002,0.0,-0.028031288278350035,0.3048151879684125,0.0
nucleus_texture_feature_7_sd_Robust_Kurtosis,0.0,4.958547059053595,-0.08015777451572874,0.0,0.0
nucleus_texture_feature_8_mean_Median,0.0,0.0,0.0,0.0,0.0
nucleus_texture_feature_8_mean_Inter_Quartile_Range,0.2698040731987194,0.0,0.0,0.0,0.0
nucleus_texture_feature_8_mean_Robust_Skewness,0.0,0.0,-4.770938488156799,0.0,-0.6466577139493477
nucleus_texture_feature_8_mean_Robust_Kurtosis,0.0,0.0,-0.12881812680147023,0.0,0.0
nucleus_texture_feature_8_sd_Median,0.0,0.0,0.0,0.0,0.0
nucleus_texture_feature_8_sd_Inter_Quartile_Range,0.0,5.06542732186461,0.0,-1.6234809100928882,0.0
nucleus_texture_feature_8_sd_Robust_Skewness,-8.510390351451598,0.7698454471873807,-6.684702928995664,-0.5091095316579587,-0.6336103130355725
nucleus_texture_feature_8_sd_Robust_Kurtosis,0.0,0.0,2.43950048256345,0.0,-1.7968203755511172
nucleus_texture_feature_9_mean_Median,0.0,0.0,0.0,0.0,0.0
nucleus_texture_feature_9_mean_Inter_Quartile_Range,0.4598341992084802,1.7293914568944806,0.0,0.0,0.0
nucleus_texture_feature_9_mean_Robust_Skewness,0.0,0.0,-0.04518486880305707,-0.9368474673734524,0.0
nucleus_texture_feature_9_mean_Robust_Kurtosis,2.2335056605597527,-6.710393122959906,0.05526129501022746,-1.7132861086566642,0.0
nucleus_texture_feature_9_sd_Median,0.0,4.816183905063681,0.0,0.0,0.0
nucleus_texture_feature_9_sd_Inter_Quartile_Range,0.0,9.061104466654083,0.0,0.0,0.0
nucleus_texture_feature_9_sd_Robust_Skewness,0.0,-5.245988726518085,-1.6845569154358102,0.24494027977520333,0.0
nucleus_texture_feature_9_sd_Robust_Kurtosis,2.580687503638682,7.75418619634353,2.039232128719304,0.8528255035335146,3.8420497562051024
bin_1,-3.1547205822155884,0.007246744053315159,-1.886611013746449,-2.2427046027498423,-2.740471360847904
bin_2,0.0,-0.06417934867610743,0.0,0.0,0.5436443485490635
bin_3,0.0,-4.260320609121314,0.0,5.986584765487228,0.0
bin_4,0.0,0.8918640401469655,0.0,-0.37677215532697783,0.0
bin_5,0.0,0.0,-0.49382850818054563,-1.420213544310001,-0.0920056665277456
bin_6,0.0,1.9086092109836224,-3.690567143281303,0.0,0.0
bin_7,0.0,-7.046041987227712,0.7723276516297454,0.0,0.0
bin_8,0.0,0.0,3.150900952511766,0.0,0.16512140252060295
