,accuracy,precision,recall,f1score,AUC,AP
ABCC3---Cluster2,0.46,0.4581320450885668,0.45833333333333337,0.45804897631473307,0.5,0.5516088732568588
ACN9---Cluster1,0.5,0.4983974358974359,0.49838969404186795,0.4981934965877157,0.48309178743961356,0.4589764211214817
ACTC1---Cluster1,0.58,0.47610294117647056,0.46969696969696967,0.467275494672755,0.48484848484848486,0.765751213471698
AEBP1---Cluster1,0.42,0.3767361111111111,0.3794567062818336,0.37794937794937794,0.3955857385398982,0.6045806805176519
AGA,0.52,0.4427083333333333,0.4276315789473684,0.4285714285714286,0.4276315789473684,0.7569412411728016
AGBL2,0.52,0.4427083333333333,0.4276315789473684,0.4285714285714286,0.493421052631579,0.7592670934733368
ALDH1A3---Cluster2,0.52,0.41544117647058826,0.3991228070175438,0.4047619047619048,0.5,0.8057921931909411
ALDH3B1---Cluster1,0.5,0.5,0.5,0.4949494949494949,0.5149999999999999,0.445957979016235
ALDH7A1,0.66,0.5456349206349207,0.5536130536130537,0.5466666666666667,0.6480186480186481,0.8744576051262393
AMICA1---Cluster1,0.42,0.39166666666666666,0.38964346349745327,0.3905002101723414,0.39643463497453313,0.5803762305328202
AMMECR1---Cluster2,0.46,0.4742351046698873,0.47058823529411764,0.44920440636474906,0.4338235294117647,0.28239740675617514
AMT---Cluster1,0.58,0.49007936507936506,0.4904761904761905,0.4900437105390967,0.5466666666666666,0.733760095694807
ANGPT1---Cluster2,0.56,0.56,0.5636672325976231,0.5535714285714286,0.5857385398981324,0.47088875496939053
ANK3---Cluster1,0.58,0.4774305555555556,0.4568106312292359,0.44,0.48504983388704315,0.2716542980828695
ANKRD35---Cluster1,0.76,0.6212624584717608,0.5850815850815851,0.5934959349593496,0.6223776223776223,0.8494066726509657
ANKRD45---Cluster1,0.46,0.44202898550724634,0.4285714285714286,0.4208494208494209,0.42063492063492064,0.25077746280143626
ANKRD5---Cluster1,0.5,0.3761904761904762,0.3574561403508772,0.36580416032470825,0.2192982456140351,0.6209480516402333
ANKRD9---Cluster2,0.5,0.393048128342246,0.35,0.3658041603247083,0.39499999999999996,0.769309448281716
AOX1---Cluster1,0.62,0.5572916666666666,0.5686070686070686,0.5558672276764843,0.6299376299376299,0.8279798415695262
APITD1---Cluster1,0.48,0.47020933977455714,0.4685908319185059,0.4663382594417077,0.48387096774193544,0.39445681350555933
APOBEC3C,0.56,0.538961038961039,0.5441176470588236,0.533106960950764,0.5579044117647058,0.7210809821183751
APOC2---Cluster1,0.52,0.5072463768115942,0.5080213903743316,0.5,0.5365418894830659,0.7158253566182045
AQP4,0.6,0.48571428571428577,0.4825174825174825,0.48024948024948017,0.5337995337995338,0.8344471267314527
AQP5---Cluster1,0.56,0.46702317290552586,0.4568764568764569,0.45436507936507936,0.5163170163170163,0.7977759350916455
ARC,0.56,0.4923599320882852,0.48951048951048953,0.47619047619047616,0.4988344988344988,0.7814766826192063
ARHGEF19,0.46,0.4293924466338259,0.4209558823529412,0.4208494208494209,0.4678308823529411,0.6745235308969634
ARL11---Cluster2,0.38,0.38013136288998356,0.3830128205128205,0.37775993576876754,0.37419871794871795,0.42095794989741087
ARL4C---Cluster1,0.58,0.5594227504244482,0.5583333333333333,0.5586380832282472,0.6383333333333334,0.7377629488970769
ARMCX2,0.5,0.5,0.5,0.49979991996798717,0.4656,0.5034418400103498
ARSA---Cluster1,0.5,0.4541595925297114,0.45036764705882354,0.45054945054945056,0.4558823529411764,0.6601200969391056
ARSD,0.58,0.4714285714285714,0.46710526315789475,0.467275494672755,0.543859649122807,0.8305713805289503
ATP10D,0.46,0.47889610389610393,0.4768270944741533,0.4545454545454546,0.47593582887700536,0.3340119712416818
ATP5G3,0.6,0.537280701754386,0.5295138888888888,0.5238095238095238,0.4826388888888889,0.4466834130373095
ATP6V1G2,0.52,0.5104669887278583,0.5110356536502546,0.5073891625615763,0.4787775891341256,0.3804756829112712
AVIL,0.52,0.4367201426024956,0.42619542619542616,0.4285714285714286,0.46673596673596673,0.7327279623183773
B3GNT8,0.46,0.45,0.45169082125603865,0.44920440636474906,0.4219001610305958,0.48784902026168364
BACE2---Cluster1,0.5,0.390625,0.29069767441860467,0.3333333333333333,0.3754152823920266,0.8463782102216943
BAK1---Cluster1,0.62,0.46270396270396275,0.4649122807017544,0.4635798983625071,0.4714912280701754,0.7400790615998997
BATF2,0.54,0.5,0.5,0.4945054945054945,0.5766666666666667,0.7126404664052198
BEST3,0.52,0.47916666666666663,0.47916666666666663,0.47916666666666663,0.4496527777777778,0.38913665419083376
BGN---Cluster1,0.52,0.5160256410256411,0.5166666666666666,0.512987012987013,0.4666666666666667,0.3690764359282125
BLOC1S1---Cluster1,0.54,0.4762308998302207,0.4692982456140351,0.4623655913978495,0.5350877192982456,0.7809249337950226
BST2---Cluster1,0.64,0.5333333333333333,0.5407925407925408,0.5322245322245323,0.5559440559440559,0.8093093655585052
BTBD6,0.5,0.5292207792207793,0.5374220374220374,0.4832575444398512,0.5239085239085239,0.32111616711328106
BVES,0.7,0.7028985507246377,0.7019230769230769,0.6998799519807923,0.7019230769230769,0.664947549674574
C10orf10,0.6,0.5115864527629234,0.5151515151515151,0.503968253968254,0.5384615384615384,0.8219621150055714
C10orf107,0.58,0.482174688057041,0.475,0.46727549467275487,0.5237499999999999,0.8247346850305421
C10orf35---Cluster2,0.46,0.44252873563218387,0.44166666666666665,0.44191814799503926,0.48,0.6571193396381004
C10orf81,0.54,0.5322061191626409,0.5333333333333333,0.5308037535699714,0.5183333333333333,0.6543164647982549
C11orf63,0.5,0.393048128342246,0.35,0.3658041603247083,0.40375,0.7736083106164782
C11orf9---Cluster1,0.4,0.39610389610389607,0.39743589743589747,0.3961352657004831,0.328525641025641,0.4281706954383119
C13orf29---Cluster1,0.56,0.4861111111111111,0.48245614035087714,0.47619047619047616,0.5789473684210527,0.8105054590034115
C14orf106---Cluster1,0.58,0.4430147058823529,0.39700996677740863,0.40711462450592883,0.36212624584717606,0.81474963127669
C15orf48,0.56,0.46702317290552586,0.4568764568764569,0.45436507936507936,0.4463869463869464,0.759043645750023
C16orf45,0.68,0.6778846153846154,0.6801948051948052,0.6779388083735911,0.6347402597402598,0.5500580133069293
C1orf135---Cluster1,0.62,0.62,0.6378676470588236,0.6072757337742869,0.75,0.5566787944773466
C1orf135---Cluster2,0.46,0.47115384615384615,0.458041958041958,0.4208494208494208,0.4965034965034965,0.2320991171019819
C1orf59---Cluster2,0.48,0.47020933977455714,0.4685908319185059,0.4663382594417077,0.4312393887945671,0.5724301050193521
C1orf74---Cluster1,0.64,0.5704099821746881,0.5821205821205822,0.5714285714285715,0.7068607068607069,0.5101372706204277
C1orf85,0.52,0.49425287356321834,0.49376114081996436,0.4906621392190152,0.5098039215686274,0.6692143357396818
C1QTNF2---Cluster1,0.54,0.5483091787439613,0.55,0.5383380168606986,0.5266666666666666,0.43776309677669156
C1S---Cluster1,0.64,0.5367647058823529,0.55,0.5322245322245323,0.565,0.8141591718620762
C20orf195---Cluster2,0.64,0.6042692939244663,0.632016632016632,0.5989304812834224,0.6777546777546777,0.8505689119643478
C3orf15,0.6,0.571658615136876,0.6478405315614618,0.5238095238095237,0.6445182724252492,0.4326347139646372
C3orf52---Cluster1,0.52,0.52,0.5205254515599343,0.5169082125603865,0.535303776683087,0.7031505051676924
C4orf39,0.58,0.5416666666666666,0.5476190476190477,0.5384615384615384,0.5638095238095238,0.5223307415946543
C5orf25,0.58,0.5817307692307692,0.5821256038647343,0.5798319327731093,0.6038647342995169,0.6479590707352503
C5orf32---Cluster1,0.52,0.5080128205128205,0.5125,0.4652406417112299,0.49500000000000005,0.23141012676726966
C6orf141---Cluster1,0.54,0.4376114081996435,0.4125,0.41653982749873164,0.48124999999999996,0.8010367971617597
C6orf15,0.64,0.5350877192982456,0.5317460317460317,0.5322245322245321,0.6884920634920635,0.8676354594269859
C6orf57---Cluster1,0.7,0.6688311688311689,0.7424242424242424,0.66078697421981,0.7249417249417249,0.4618532439768315
C7orf23,0.56,0.5025466893039049,0.5031185031185031,0.494485294117647,0.5987525987525988,0.7926017872380835
C7orf31,0.52,0.5034722222222222,0.5032467532467533,0.5,0.551948051948052,0.645740421130018
C7orf46---Cluster1,0.46,0.43019480519480524,0.4106029106029106,0.4065934065934067,0.369022869022869,0.6801204226952128
C8orf38---Cluster1,0.52,0.475,0.47023809523809523,0.46524064171123,0.5238095238095237,0.7456527236152064
C8orf79,0.6,0.5073529411764706,0.5087719298245614,0.503968253968254,0.4989035087719298,0.7665225314948296
C9orf167---Cluster1,0.48,0.47947454844006565,0.48000000000000004,0.47665056360708535,0.49280000000000007,0.5918023542583962
C9orf40---Cluster2,0.48,0.4663382594417077,0.4663382594417077,0.4663382594417077,0.5057471264367817,0.613598807411323
C9orf68,0.52,0.40819964349376114,0.3604336043360433,0.37629937629937626,0.43360433604336046,0.8050150297787579
C9orf89---Cluster2,0.62,0.6127214170692432,0.6166666666666667,0.6124031007751938,0.6008333333333333,0.49196610307795996
CA3---Cluster1,0.6,0.5416666666666666,0.5476190476190476,0.5404411764705883,0.5892857142857143,0.7955666993806404
CACNG2---Cluster2,0.56,0.5025466893039049,0.5031185031185031,0.494485294117647,0.5072765072765073,0.3998145345307981
CALCRL,0.6,0.4666666666666667,0.45257452574525747,0.45175438596491235,0.34146341463414637,0.1912064177218691
CAP2,0.58,0.5017361111111112,0.5023310023310024,0.4900437105390967,0.592074592074592,0.8497750972452751
CAPG,0.68,0.6298811544991512,0.659043659043659,0.6323529411764706,0.6632016632016632,0.852561782639939
CARD9---Cluster1,0.6,0.5258467023172906,0.5301455301455301,0.5238095238095237,0.5987525987525988,0.8164213599877763
CCDC65,0.42,0.375,0.3571428571428571,0.36263736263736257,0.3428571428571428,0.6721291962644822
CCR1,0.58,0.5666666666666667,0.5656814449917897,0.565936337329475,0.5697865353037768,0.6713399564739142
CCR7,0.5,0.46434634974533107,0.46354166666666663,0.4637494637494637,0.515625,0.7007988496780061
CD248,0.54,0.4762308998302207,0.4692982456140351,0.4623655913978495,0.5153508771929824,0.7959186606010601
CD300LF,0.66,0.6543513957307061,0.6525974025974026,0.653202774377805,0.6688311688311689,0.7418771270339236
CD4,0.58,0.5525451559934318,0.5588235294117647,0.5495495495495496,0.59375,0.7408408606518111
CD44---Cluster2,0.52,0.5112179487179487,0.5138888888888888,0.49066213921901525,0.4871031746031746,0.2943886478043395
CD48,0.58,0.525,0.534965034965035,0.5091164095371669,0.4883449883449884,0.7589197881469811
CD83---Cluster1,0.5,0.4149305555555556,0.38578088578088576,0.3929091792132102,0.44988344988344986,0.7711204018001212
CD93---Cluster1,0.58,0.525,0.534965034965035,0.5091164095371669,0.5547785547785548,0.8184427663488573
CEBPD---Cluster1,0.66,0.6599999999999999,0.6623376623376623,0.6587715776796468,0.7297077922077922,0.6761449467523049
CEBPG---Cluster1,0.48,0.47435897435897434,0.4722222222222222,0.4663382594417077,0.4010416666666667,0.31873549751968366
CHAC1---Cluster1,0.54,0.53125,0.5289855072463768,0.5245969408846631,0.5458937198067633,0.585508657464595
CHAF1B,0.52,0.5144230769230769,0.515625,0.5073891625615764,0.607638888888889,0.7769076238292003
CHI3L2---Cluster1,0.64,0.6360294117647058,0.6201298701298701,0.6179966044142614,0.7012987012987013,0.7278573325394678
CHL1,0.52,0.4913194444444444,0.49166666666666664,0.49066213921901525,0.45833333333333337,0.5910072411093872
CHRNA9---Cluster1,0.46,0.4565972222222222,0.45999999999999996,0.44920440636474906,0.4032,0.44401821994097557
CIB2,0.54,0.5,0.5,0.4945054945054945,0.538095238095238,0.7616818322847277
CIITA---Cluster1,0.62,0.4937629937629938,0.4934210526315789,0.49333333333333335,0.4396929824561404,0.7324982392088326
CISH,0.48,0.47020933977455714,0.4685908319185059,0.4663382594417077,0.400679117147708,0.32204065494353534
CLDN1,0.4,0.3633276740237691,0.3633276740237691,0.3633276740237691,0.38030560271646857,0.5739193234754134
CLEC12A,0.48,0.44166666666666665,0.43566176470588236,0.4357638888888889,0.4338235294117647,0.6502512916715159
CLEC2B---Cluster1,0.5,0.46434634974533107,0.46354166666666663,0.4637494637494637,0.4461805555555556,0.5821360817407127
CLN6---Cluster3,0.66,0.5476190476190477,0.5625,0.5466666666666666,0.54,0.8083881038608689
CMBL---Cluster1,0.38,0.38,0.35119047619047616,0.3484657419083649,0.3472222222222222,0.2249920383781907
COL12A1---Cluster1,0.48,0.45320197044334976,0.44919786096256686,0.44821731748726656,0.4777183600713012,0.6263790420747706
COL6A1---Cluster2,0.46,0.4219015280135824,0.4201388888888889,0.4208494208494209,0.4722222222222222,0.36491581444045884
COL8A1,0.42,0.4014778325123153,0.4,0.4005787515502274,0.37333333333333335,0.5398350600398459
COLEC11---Cluster1,0.48,0.4663382594417077,0.4663382594417077,0.4663382594417077,0.4466338259441708,0.5416589849361098
CPA4---Cluster1,0.62,0.5267379679144385,0.5375000000000001,0.5180111618467783,0.5525,0.8506842750143699
CPA6,0.58,0.5288624787775891,0.5337301587301587,0.525101763907734,0.576388888888889,0.8113973418194029
CROT---Cluster2,0.7,0.5460526315789473,0.556910569105691,0.5479204339963833,0.5853658536585366,0.852446633722945
CSRP1---Cluster1,0.66,0.5892857142857143,0.5857142857142857,0.5871782418649831,0.5447619047619048,0.7416023116359582
CTSC,0.4,0.3531409168081494,0.34581105169340465,0.34895833333333337,0.40641711229946526,0.6716713975480024
CUL1,0.64,0.506578947368421,0.506578947368421,0.506578947368421,0.4758771929824561,0.7545279489092733
CYP2S1---Cluster2,0.52,0.5227272727272727,0.5224358974358975,0.5192307692307692,0.43589743589743585,0.437620411813343
CYP7B1,0.6,0.5051975051975053,0.5047619047619047,0.5039682539682541,0.5504761904761905,0.7680939329500939
CYR61,0.48,0.46955128205128205,0.45833333333333337,0.43576388888888884,0.5,0.2632914452725121
DCHS1---Cluster1,0.44,0.475,0.4724264705882353,0.43639291465378427,0.4319852941176471,0.31293076990573554
DCTD---Cluster1,0.58,0.5017361111111112,0.5023310023310024,0.4900437105390967,0.5034965034965035,0.7724026822249148
DDX43,0.52,0.52,0.5238095238095237,0.5,0.5657142857142857,0.7536603212574338
DEDD2---Cluster1,0.5,0.4027777777777778,0.3482384823848238,0.3658041603247082,0.4281842818428184,0.8109132856304512
DEPDC1---Cluster1,0.44,0.44,0.4331550802139037,0.4252873563218391,0.42959001782531187,0.31313524960785993
DHX58,0.4,0.38541666666666663,0.3942307692307692,0.3842364532019705,0.391025641025641,0.4791611713927496
DIRAS3---Cluster1,0.52,0.5083333333333333,0.5081168831168831,0.5073891625615763,0.5584415584415585,0.6553262824278574
DMBX1,0.52,0.40819964349376114,0.3604336043360433,0.37629937629937626,0.4444444444444445,0.8137348751257105
DNMT3A---Cluster2,0.46,0.4399350649350649,0.4340463458110517,0.43253467843631777,0.49019607843137253,0.7226536453977853
DOK2,0.64,0.5142857142857143,0.5203252032520325,0.506578947368421,0.508130081300813,0.8341777958746626
DOK5---Cluster1,0.56,0.46702317290552586,0.4568764568764569,0.45436507936507936,0.557109557109557,0.8387736113318836
DPP7---Cluster1,0.56,0.45276292335115864,0.4281842818428184,0.4282744282744283,0.4742547425474255,0.8111645952717625
DSE---Cluster1,0.6,0.5416666666666666,0.5476190476190476,0.5404411764705883,0.5277777777777778,0.7356567196968541
DUSP1---Cluster2,0.62,0.5451388888888888,0.5606060606060606,0.5386109762020399,0.5151515151515151,0.8200874941403863
DUSP23,0.52,0.4367201426024956,0.42619542619542616,0.4285714285714286,0.44698544698544695,0.24588267698095467
EFCAB1---Cluster1,0.68,0.6284722222222222,0.6468253968253967,0.6323529411764706,0.6865079365079365,0.855044233373578
EFEMP1---Cluster1,0.54,0.4376114081996435,0.4125,0.41653982749873164,0.46749999999999997,0.7864542622334216
EFEMP2---Cluster1,0.54,0.4833333333333334,0.4766899766899767,0.4623655913978495,0.4906759906759907,0.7888784335137424
EFNB2---Cluster1,0.62,0.62,0.625,0.6161616161616162,0.65,0.6133136571642858
EGLN2---Cluster1,0.58,0.5821256038647343,0.5817307692307692,0.5798319327731093,0.5857371794871795,0.5573205538719003
EHD2---Cluster2,0.5,0.5340909090909092,0.548951048951049,0.47456914670029426,0.5571095571095572,0.8042751908896275
EHD3---Cluster2,0.58,0.5591133004926109,0.5625,0.5586380832282472,0.6215277777777778,0.590442203353385
ELL3---Cluster1,0.54,0.5180623973727422,0.5190972222222222,0.5166036149642707,0.5868055555555556,0.761421592959217
EMILIN2---Cluster2,0.56,0.4955436720142603,0.49523809523809526,0.494485294117647,0.5161904761904762,0.40091152473056346
EMP2---Cluster1,0.52,0.5128205128205128,0.5147058823529411,0.49999999999999994,0.46139705882352944,0.3042054175647138
EMP3---Cluster1,0.6,0.4742647058823529,0.4583333333333333,0.4517543859649122,0.41964285714285715,0.813468365680689
ENG---Cluster1,0.64,0.506578947368421,0.506578947368421,0.506578947368421,0.5285087719298246,0.816195733308456
EPHA2---Cluster1,0.58,0.4523809523809524,0.4375,0.44,0.4725,0.7987899026346447
EREG---Cluster2,0.62,0.5814940577249575,0.5882352941176471,0.5824175824175825,0.6323529411764706,0.806256552426958
ERRFI1,0.62,0.6169871794871795,0.6198686371100164,0.6161616161616161,0.6141215106732347,0.5142508237309803
EYA2---Cluster2,0.48,0.4722222222222222,0.47435897435897434,0.4663382594417077,0.4647435897435898,0.5408258378289332
F13A1---Cluster1,0.52,0.44991511035653653,0.43123543123543123,0.4285714285714286,0.5046620046620046,0.792566115573158
F2RL2---Cluster1,0.54,0.46613190730837795,0.46230158730158727,0.4623655913978495,0.5833333333333334,0.7933030166167129
FAH---Cluster1,0.64,0.5322245322245323,0.5322245322245323,0.5322245322245323,0.5280665280665281,0.7566767891925696
FAIM---Cluster1,0.62,0.4937629937629938,0.4934210526315789,0.49333333333333335,0.5372807017543859,0.8198292996294835
FAIM3---Cluster1,0.54,0.49479166666666663,0.4946524064171123,0.4945054945054945,0.5276292335115864,0.7100805552755945
FAM111A,0.62,0.6314102564102564,0.6911421911421911,0.5924495924495924,0.7599067599067599,0.5763098486377541
FAM114A1---Cluster2,0.52,0.4666666666666667,0.45614035087719296,0.44852941176470584,0.4616228070175438,0.7565746358752269
FAM124B---Cluster1,0.6,0.565365025466893,0.5686274509803921,0.5659722222222222,0.6042780748663101,0.770452470536821
FAM19A3---Cluster2,0.58,0.5476190476190477,0.5416666666666666,0.5384615384615384,0.575,0.676916344050751
FAM3C,0.5,0.4270833333333333,0.4126819126819127,0.415614773258532,0.37214137214137216,0.6961812759324495
FAM50B,0.52,0.4601018675721562,0.45114345114345117,0.4485294117647059,0.4719334719334719,0.7392044098519346
FAM89A---Cluster1,0.7,0.7003205128205128,0.7,0.6998799519807923,0.7024,0.6831147407800781
FBXO17---Cluster1,0.44,0.3833333333333333,0.3464912280701754,0.35661764705882354,0.4035087719298246,0.7361909926778456
FBXO4---Cluster1,0.42,0.37520525451559933,0.3333333333333333,0.3441881501582994,0.35964912280701755,0.7048479062352905
FBXO6---Cluster1,0.54,0.5418679549114331,0.5416666666666667,0.5398159263705482,0.5833333333333334,0.6212982410937625
FGF1---Cluster1,0.5,0.43582887700534756,0.4338235294117647,0.43464495703301675,0.5073529411764706,0.7027852797513366
FGFBP2,0.42,0.4322638146167558,0.4383116883116883,0.41414141414141414,0.4155844155844156,0.398014997111495
FHL3---Cluster1,0.6,0.5246179966044142,0.5392953929539295,0.503968253968254,0.5718157181571816,0.8606149438258832
FHOD1,0.64,0.6298076923076923,0.6776315789473684,0.609375,0.6743421052631579,0.3685608052908149
FIBIN,0.5,0.5146103896103896,0.5152801358234296,0.4981934965877158,0.4915110356536502,0.3665600699314907
FKBP5---Cluster1,0.54,0.5246305418719212,0.525,0.5245969408846631,0.6266666666666667,0.760103790332909
FKBP9---Cluster1,0.54,0.4461805555555556,0.4159891598915989,0.4165398274987316,0.4308943089430895,0.8015268194469843
FLNB---Cluster1,0.58,0.5705128205128205,0.5914760914760915,0.5495495495495495,0.58004158004158,0.2936392775863996
FLNC---Cluster1,0.52,0.42245989304812837,0.39860139860139865,0.40476190476190477,0.4988344988344988,0.8031989848505423
FN1---Cluster1,0.54,0.5271646859083192,0.525974025974026,0.5245969408846631,0.5811688311688312,0.67150635960783
FNDC3B---Cluster1,0.52,0.4833333333333333,0.48161764705882354,0.47916666666666663,0.5073529411764706,0.7195974296962879
FOXD1---Cluster1,0.64,0.6394230769230769,0.6394230769230769,0.6394230769230769,0.6282051282051282,0.6254160214242185
FOXJ1---Cluster1,0.5,0.393048128342246,0.35,0.3658041603247083,0.46125,0.8170475983197883
FSTL1---Cluster1,0.6,0.5449915110356536,0.5550935550935552,0.5404411764705882,0.6237006237006237,0.8381008693144929
FUCA2,0.5,0.4847198641765704,0.48538961038961037,0.48325754443985114,0.5211038961038961,0.6548809322003789
FXYD1,0.56,0.44485294117647056,0.42500000000000004,0.4282744282744283,0.49,0.8053758494883551
FZD6---Cluster1,0.48,0.4176570458404074,0.3991683991683992,0.4025735294117647,0.4303534303534304,0.7038164275903469
FZD7,0.5,0.4855769230769231,0.4700996677740864,0.41561477325853197,0.4983388704318937,0.1761784713885554
GAL3ST4---Cluster2,0.56,0.4955436720142603,0.49523809523809526,0.494485294117647,0.5295238095238095,0.7504519643470262
GALC,0.44,0.44605475040257647,0.44499178981937604,0.4391025641025641,0.5238095238095238,0.48030981530870226
GALM,0.54,0.4762308998302207,0.4692982456140351,0.4623655913978495,0.5657894736842105,0.828884829500671
GALNT14---Cluster1,0.54,0.5114942528735632,0.5128676470588236,0.5066495066495066,0.5882352941176471,0.4303530605909404
GALNT5---Cluster1,0.58,0.47610294117647056,0.46969696969696967,0.467275494672755,0.5244755244755245,0.8095036793317467
GALR1---Cluster2,0.54,0.5496794871794872,0.5644490644490645,0.5166036149642707,0.5821205821205822,0.3121452870237784
GAS2L3,0.56,0.56,0.5874125874125874,0.5225694444444444,0.5944055944055945,0.36194832134444155
GBE1---Cluster1,0.48,0.44999999999999996,0.44791666666666663,0.4482173174872665,0.46875,0.6003426039349833
GBP3,0.52,0.44991511035653653,0.43123543123543123,0.4285714285714286,0.4428904428904429,0.7861389455244203
GBP4---Cluster1,0.36,0.355877616747182,0.355877616747182,0.355877616747182,0.37842190016103056,0.4930790308176298
GCH1---Cluster1,0.58,0.5800000000000001,0.5811688311688312,0.5784825371336814,0.5454545454545454,0.4854005951593271
GDF15---Cluster2,0.5,0.475,0.47453310696095075,0.47456914670029426,0.5144312393887946,0.6866579398909745
GFPT2---Cluster1,0.58,0.5753205128205128,0.5797962648556876,0.5716034271725826,0.5755517826825126,0.48528110618397896
GHDC---Cluster1,0.66,0.6238095238095238,0.6128472222222222,0.6155585707824514,0.7256944444444445,0.7954296927734363
GNG12,0.58,0.5563607085346216,0.5874999999999999,0.525101763907734,0.56125,0.23334063903831345
GNPNAT1,0.46,0.4519230769230769,0.44285714285714284,0.43253467843631777,0.43523809523809526,0.31211832563371333
GPD1---Cluster1,0.54,0.5798611111111112,0.5780984719864176,0.5398159263705482,0.5483870967741935,0.4344824405076786
GPNMB---Cluster1,0.52,0.44991511035653653,0.43123543123543123,0.4285714285714286,0.4638694638694638,0.771902625001478
GPR128,0.66,0.5514705882352942,0.575880758807588,0.5466666666666667,0.5149051490514905,0.8161286388630455
GPR17---Cluster1,0.48,0.49198717948717946,0.4875,0.43576388888888884,0.4125,0.7537037087387882
GPR176,0.48,0.4663382594417077,0.4663382594417077,0.4663382594417077,0.48357963875205257,0.5680841376525316
GPR180---Cluster2,0.52,0.4702886247877759,0.4666666666666667,0.4652406417112299,0.4552380952380953,0.7220169298272439
GPR27,0.64,0.6083333333333334,0.6194852941176471,0.609375,0.5533088235294118,0.37136473964556305
GZMB---Cluster1,0.52,0.4876847290640394,0.4857142857142857,0.47916666666666663,0.44285714285714284,0.6459770001309887
H1F0,0.52,0.5288461538461539,0.5357142857142857,0.5,0.5198412698412698,0.708153912165818
HAND2---Cluster2,0.58,0.578525641025641,0.5789049919484701,0.5784825371336813,0.5523349436392915,0.5760151178762076
HDDC3,0.48,0.48,0.47086247086247085,0.4357638888888889,0.4475524475524476,0.2243514149924525
HERC5,0.56,0.56,0.5615763546798029,0.5571658615136876,0.5640394088669951,0.4781884616463523
HFE,0.56,0.4380952380952381,0.4242424242424242,0.4282744282744283,0.4312354312354313,0.7604871394589237
HGF---Cluster1,0.46,0.45566502463054187,0.4567307692307692,0.4545454545454545,0.47756410256410253,0.5164311108763866
HIST1H2BH---Cluster1,0.54,0.4826388888888889,0.4809523809523809,0.4798733604703754,0.5599999999999999,0.7701834272693511
HIST1H2BJ---Cluster1,0.64,0.6083333333333334,0.6194852941176471,0.609375,0.6654411764705882,0.8256632183667685
HIST1H2BK---Cluster3,0.56,0.56,0.577962577962578,0.533106960950764,0.5530145530145529,0.326610738001299
HIST1H4J,0.56,0.5487012987012987,0.55,0.548440065681445,0.5549999999999999,0.42107959358512626
HOPX---Cluster1,0.72,0.6447368421052632,0.6309523809523809,0.6361746361746362,0.6845238095238095,0.8480465936643614
HOXB9---Cluster2,0.52,0.5176282051282051,0.5178571428571428,0.5169082125603864,0.43831168831168826,0.5059360148411434
HOXC10---Cluster1,0.66,0.49584199584199584,0.49404761904761907,0.4876431585292345,0.35119047619047616,0.7681851090974914
HPD---Cluster1,0.66,0.5933786078098472,0.6375,0.587178241864983,0.6487499999999999,0.8758828967027262
HPDL---Cluster1,0.48,0.43493761140819964,0.4380305602716469,0.43576388888888884,0.4940577249575552,0.6750890548853488
HPS1---Cluster1,0.52,0.4095238095238095,0.40124740124740127,0.4047619047619048,0.34823284823284817,0.6540615086691737
HPS3---Cluster1,0.56,0.45276292335115864,0.4281842818428184,0.4282744282744283,0.49593495934959353,0.8457254435408145
HRASLS,0.64,0.641025641025641,0.641025641025641,0.64,0.6121794871794872,0.537526623844979
HS3ST3B1---Cluster2,0.58,0.5865384615384616,0.5962566844919786,0.5716034271725826,0.5472370766488414,0.41074888117215863
HSD17B7P2---Cluster1,0.52,0.5083333333333333,0.5081168831168831,0.5073891625615763,0.4837662337662338,0.5671472165359257
HSD3B7---Cluster1,0.46,0.4642857142857143,0.46457326892109496,0.45978391356542614,0.48309178743961356,0.5062387515736104
HSPA1A---Cluster1,0.42,0.34191176470588236,0.3467023172905526,0.3441881501582994,0.36185383244206776,0.30113671951891274
HSPB2---Cluster2,0.48,0.43493761140819964,0.4380305602716469,0.43576388888888884,0.43548387096774194,0.6157567413429719
HSPB6,0.54,0.49660441426146007,0.4963235294117647,0.4945054945054945,0.4944852941176471,0.7088916219397507
HYAL2---Cluster1,0.48,0.42784380305602715,0.419047619047619,0.4206773618538324,0.5333333333333333,0.7429887336690117
IFI44,0.6,0.5416666666666666,0.5476190476190476,0.5404411764705883,0.5009920634920635,0.7061789027025251
IFIH1---Cluster1,0.54,0.5114942528735632,0.5128676470588236,0.5066495066495066,0.5395220588235294,0.7754074215121664
IFITM2,0.52,0.5136876006441223,0.5139573070607553,0.5129870129870129,0.5180623973727423,0.5756223629417602
IGF2BP3---Cluster1,0.56,0.5641025641025641,0.5666666666666667,0.5571658615136876,0.61,0.4964024678238851
IGFBP5---Cluster2,0.46,0.45032051282051283,0.4355509355509356,0.42084942084942084,0.4365904365904366,0.2552727166966028
IGFBP6---Cluster3,0.54,0.4461805555555556,0.4159891598915989,0.4165398274987316,0.5691056910569106,0.8764463344396404
IL17B---Cluster1,0.62,0.508130081300813,0.5055147058823529,0.4933333333333334,0.5588235294117647,0.7750909739342922
IL1R2,0.52,0.45833333333333337,0.4375,0.4285714285714286,0.40125,0.7455428140981396
IL2RA---Cluster1,0.56,0.5438311688311689,0.546875,0.5416666666666667,0.5104166666666666,0.6986829214531393
IL2RG---Cluster1,0.56,0.5475040257648953,0.5525846702317291,0.5416666666666667,0.43672014260249553,0.30797430056898417
IL32,0.48,0.45320197044334976,0.44919786096256686,0.44821731748726656,0.42245989304812837,0.5968349979475522
ILVBL---Cluster1,0.56,0.5633116883116883,0.5625,0.5592948717948718,0.5496794871794872,0.5911402060376411
IMPACT---Cluster1,0.52,0.40819964349376114,0.3604336043360433,0.37629937629937626,0.4878048780487805,0.8317386968571527
IRAK3---Cluster1,0.52,0.4397283531409168,0.4037940379403794,0.40476190476190477,0.46070460704607047,0.8103288034406073
IRF1,0.46,0.46,0.4540441176470588,0.44191814799503926,0.4797794117647059,0.3841063104802698
IRF7---Cluster2,0.54,0.54,0.5434027777777778,0.5308037535699714,0.5260416666666667,0.3998460598032253
ISG20,0.5,0.44166666666666665,0.4184149184149184,0.415614773258532,0.43473193473193467,0.7489060328758239
ISYNA1---Cluster1,0.56,0.5155993431855501,0.5221445221445221,0.49448529411764697,0.5442890442890443,0.8257438630780508
ITGA4,0.46,0.46,0.4540441176470588,0.44191814799503926,0.42647058823529416,0.377911798239045
ITGB4---Cluster2,0.56,0.56,0.6016260162601625,0.5098039215686274,0.6626016260162602,0.2942214001740482
ITGB5,0.64,0.6344605475040257,0.6371100164203612,0.6347402597402598,0.6091954022988506,0.7529407837445512
ITGB7,0.56,0.46139705882352944,0.45394736842105265,0.4543650793650794,0.46271929824561403,0.7489225817160688
ITGBL1---Cluster1,0.52,0.4601018675721562,0.45114345114345117,0.4485294117647059,0.49272349272349275,0.7811253726408909
JUP,0.6,0.6025641025641025,0.6038961038961039,0.5993589743589743,0.5925324675324676,0.5333039073066637
KCNA4---Cluster1,0.52,0.5224358974358975,0.5227272727272727,0.5192307692307692,0.5714285714285714,0.4947581695211272
KCNE1L---Cluster1,0.56,0.5535714285714286,0.5535714285714286,0.5535714285714286,0.49512987012987014,0.5680893231097305
KCNE3---Cluster1,0.56,0.5229202037351443,0.5240641711229946,0.5225694444444444,0.5133689839572193,0.6575688063620638
KCNIP3---Cluster2,0.52,0.4367201426024956,0.42619542619542616,0.4285714285714286,0.501039501039501,0.33798062091165537
KCTD4,0.54,0.47500000000000003,0.45934959349593496,0.44147644487615345,0.3875338753387534,0.16614671645892737
KCTD9---Cluster1,0.5,0.46387520525451564,0.4563492063492064,0.45054945054945056,0.4464285714285714,0.6920806224486908
KDELR3---Cluster1,0.46,0.44252873563218387,0.44166666666666665,0.44191814799503926,0.4633333333333333,0.5824039548458536
KIAA0040---Cluster1,0.4,0.39123376623376627,0.39123376623376627,0.39123376623376627,0.32629870129870137,0.4951517431024804
KIAA1377,0.48,0.48,0.47086247086247085,0.4357638888888889,0.3986013986013986,0.26740112042146014
KLHL6---Cluster1,0.56,0.5166666666666666,0.5198412698412699,0.5098039215686274,0.5337301587301587,0.7529825244090643
LAMA2,0.48,0.5,0.5,0.48,0.5333333333333333,0.4671057407184715
LAMA4---Cluster1,0.5,0.4563492063492064,0.46387520525451564,0.45054945054945056,0.5632183908045977,0.662192611159167
LAMC1,0.4,0.43021346469622335,0.41904761904761906,0.39123376623376627,0.4761904761904762,0.29402462630812937
LATS2---Cluster1,0.48,0.3871527777777778,0.33749999999999997,0.3551587301587301,0.395,0.765996265798551
LCTL---Cluster2,0.52,0.5178571428571428,0.5176282051282051,0.5169082125603864,0.5657051282051282,0.6282794124686152
LDHA---Cluster1,0.58,0.5665584415584416,0.5696095076400679,0.565936337329475,0.5721561969439729,0.6749922193235892
LGALS1,0.54,0.54,0.5405844155844155,0.5383380168606985,0.538961038961039,0.4609962969418345
LGALS8,0.62,0.5178571428571428,0.5187110187110187,0.5180111618467782,0.4968814968814969,0.766998551717885
LHFPL2---Cluster1,0.48,0.4114583333333333,0.39880952380952384,0.40257352941176466,0.4365079365079365,0.7060238493734372
LIF---Cluster2,0.6,0.5941558441558441,0.5941558441558441,0.5941558441558441,0.6201298701298702,0.7030929455729769
LIMD1---Cluster1,0.68,0.5664335664335665,0.5592515592515592,0.5614035087719298,0.5717255717255718,0.7677028258233237
LITAF,0.68,0.6654411764705883,0.65,0.6527777777777779,0.6216666666666667,0.7194685478946165
LMCD1---Cluster1,0.62,0.5583333333333333,0.5948509485094851,0.5386109762020399,0.6151761517615176,0.9076631011937475
LMNA---Cluster1,0.44,0.4487179487179487,0.4365079365079365,0.41666666666666663,0.5257936507936508,0.36759321066355066
LMO2,0.6,0.5246179966044142,0.5392953929539295,0.503968253968254,0.5785907859078592,0.8419653156887632
LOXL2---Cluster2,0.48,0.45320197044334976,0.44919786096256686,0.44821731748726656,0.483065953654189,0.7140256239920176
LOXL3---Cluster1,0.56,0.41904761904761906,0.38482384823848237,0.3969298245614035,0.4363143631436315,0.8192149153626799
LRRC32,0.58,0.5106951871657754,0.5119047619047619,0.5091164095371669,0.5416666666666666,0.7705565575239062
LRRC4,0.7,0.6142857142857143,0.631578947368421,0.619482496194825,0.6162280701754387,0.385788624759213
LRRC8E,0.4,0.35,0.3214285714285714,0.3315508021390374,0.40773809523809523,0.6882259927296991
LRRFIP1---Cluster1,0.58,0.5138888888888888,0.5166320166320166,0.5091164095371669,0.5634095634095635,0.7727903664013887
LUM,0.66,0.6529790660225443,0.6583333333333333,0.6532027743778049,0.7250000000000001,0.622144291205137
LXN---Cluster1,0.62,0.5220588235294117,0.5279720279720279,0.5180111618467782,0.49417249417249415,0.8027467381903031
LY6E---Cluster1,0.68,0.5827205882352942,0.6125,0.5841995841995842,0.53,0.8154947143081336
LY75---Cluster1,0.56,0.4812834224598931,0.4781704781704782,0.47619047619047616,0.5550935550935551,0.7699772141599789
LYN,0.54,0.46604414261460103,0.44999999999999996,0.44147644487615345,0.4775,0.7967772994477641
LYPD5,0.44,0.4492753623188406,0.4465195246179966,0.43639291465378427,0.42614601018675724,0.581875411645929
LYSMD4,0.58,0.5753205128205128,0.5797962648556876,0.5716034271725826,0.599320882852292,0.5174740136642846
LYZ,0.62,0.6022727272727273,0.6122994652406417,0.6006725514922238,0.6221033868092692,0.7831878988814857
MAB21L1,0.46,0.4015280135823429,0.38492063492063494,0.3894165535956581,0.41865079365079366,0.7179707133119352
MAGEC2,0.54,0.5405844155844155,0.54,0.5383380168606985,0.5376000000000001,0.5073361665784714
MAGEE2---Cluster1,0.62,0.5815972222222222,0.5837789661319073,0.5824175824175825,0.5597147950089126,0.7077506688519886
MAP3K6---Cluster1,0.52,0.48047538200339557,0.47950089126559714,0.4791666666666667,0.5632798573975044,0.3740314335615626
MARVELD1---Cluster1,0.66,0.6522435897435898,0.680952380952381,0.6427070197562,0.6895238095238095,0.4927992998672035
MCM2---Cluster1,0.64,0.5367647058823529,0.55,0.5322245322245323,0.545,0.8183296601864735
MEOX2,0.54,0.41476091476091476,0.4186507936507936,0.4165398274987316,0.5436507936507937,0.805663384136001
MESDC1---Cluster2,0.48,0.41666666666666663,0.375,0.38095238095238093,0.39999999999999997,0.7921049528631204
MET---Cluster1,0.58,0.4523809523809524,0.4375,0.44,0.44999999999999996,0.790678143812866
MFNG---Cluster2,0.58,0.55,0.553475935828877,0.5495495495495495,0.5383244206773619,0.6382734563903804
MFSD7---Cluster1,0.58,0.5186757215619694,0.5241228070175439,0.5091164095371669,0.5153508771929824,0.7846889655916719
MICB,0.5,0.43760262725779964,0.356060606060606,0.3658041603247083,0.44696969696969696,0.12014332335117064
MINA,0.52,0.52,0.5201288244766505,0.5192307692307692,0.47665056360708535,0.4884831077292919
MIPOL1---Cluster1,0.68,0.5343035343035343,0.5447154471544715,0.5337995337995338,0.5528455284552846,0.3887860109276277
MLH3,0.4,0.3611111111111111,0.3666666666666667,0.36332767402376914,0.415,0.6117710839538656
MMP2---Cluster1,0.56,0.46702317290552586,0.4568764568764569,0.45436507936507936,0.4615384615384615,0.7569969544257322
MMP9---Cluster1,0.46,0.3627450980392157,0.331140350877193,0.34434191355026716,0.35635964912280704,0.7022200480350222
MOSC2,0.52,0.42245989304812837,0.39860139860139865,0.40476190476190477,0.4708624708624708,0.7760777042328191
MOXD1,0.5,0.5,0.5,0.49979991996798717,0.4696,0.5067433924356246
MPZ---Cluster1,0.44,0.3853989813242784,0.37142857142857144,0.3761140819964349,0.3219047619047619,0.618553885733545
MR1,0.54,0.4864176570458404,0.4841269841269842,0.47987336047037543,0.511904761904762,0.7519113430862523
MRPL41,0.52,0.4285714285714286,0.4285714285714286,0.4285714285714286,0.4628571428571428,0.7037834164173756
MS4A6A,0.5,0.4666666666666667,0.464349376114082,0.4637494637494638,0.4866310160427808,0.6822418431947046
MT2A---Cluster2,0.58,0.5017361111111112,0.5023310023310024,0.4900437105390967,0.506993006993007,0.7993876844369925
MT3---Cluster1,0.54,0.5162337662337663,0.519047619047619,0.5066495066495067,0.5219047619047619,0.7095116273017619
MX1,0.58,0.45955882352941174,0.44037940379403795,0.44,0.43089430894308944,0.8137010919965542
MYBL2---Cluster1,0.56,0.46702317290552586,0.4568764568764569,0.45436507936507936,0.4522144522144522,0.7577564003918178
MYO1C,0.6,0.6,0.5961538461538461,0.5941558441558441,0.6137820512820513,0.6085062188066706
N6AMT2,0.44,0.44000000000000006,0.4363327674023769,0.43181818181818177,0.48726655348047543,0.3941014957180654
NAGA---Cluster2,0.54,0.5049261083743842,0.5059523809523809,0.4945054945054945,0.5714285714285714,0.762517187514548
NANP,0.56,0.5544871794871795,0.5590277777777778,0.548440065681445,0.5850694444444444,0.39666447710706193
NCAPD2---Cluster1,0.62,0.5055147058823529,0.508130081300813,0.4933333333333334,0.4986449864498645,0.8103162344983618
NCAPH---Cluster1,0.48,0.37789661319073087,0.34032634032634035,0.3551587301587302,0.34032634032634035,0.7100752775771004
NCKAP1L---Cluster1,0.62,0.5267379679144385,0.5375000000000001,0.5180111618467783,0.5925,0.8886955467972862
NDUFA12---Cluster2,0.74,0.6125,0.6048951048951049,0.6081977094635322,0.6923076923076923,0.8683845345661737
NDUFS5---Cluster1,0.46,0.46779388083735907,0.4666666666666667,0.45804897631473307,0.5549999999999999,0.5801814316816297
NEK11---Cluster1,0.54,0.5373514431239388,0.5352564102564102,0.5308037535699714,0.5705128205128205,0.5920851053056002
NFATC4---Cluster1,0.54,0.5357142857142857,0.5354267310789049,0.5353535353535354,0.5853462157809983,0.6415999494258845
NFE2L3---Cluster2,0.5,0.4541595925297114,0.45036764705882354,0.45054945054945056,0.49816176470588236,0.6872242086536857
NHLH1---Cluster1,0.44,0.376114081996435,0.376114081996435,0.376114081996435,0.41532976827094475,0.6662852674569653
NINJ1---Cluster1,0.46,0.432088285229202,0.43333333333333335,0.43253467843631777,0.4725,0.6094488954876567
NIPSNAP3A,0.5,0.48538961038961037,0.4847198641765704,0.48325754443985114,0.5747028862478778,0.7461768189815892
NLGN2---Cluster1,0.6,0.5894909688013137,0.5894909688013137,0.5894909688013137,0.5467980295566502,0.5103240376486455
NLGN2---Cluster2,0.54,0.5169779286926994,0.5166666666666666,0.5166036149642708,0.5783333333333333,0.5387306923913271
NME3---Cluster1,0.54,0.5512820512820513,0.5745920745920745,0.5066495066495066,0.5641025641025641,0.3515061312122627
NMI---Cluster1,0.46,0.46779388083735907,0.4666666666666667,0.45804897631473307,0.4116666666666666,0.38018291531931947
NMUR1---Cluster1,0.44,0.3853989813242784,0.37142857142857144,0.3761140819964349,0.419047619047619,0.6954723239234089
NNAT,0.52,0.44991511035653653,0.43123543123543123,0.4285714285714286,0.5058275058275058,0.7852554842710883
NNMT,0.58,0.5982142857142857,0.5531400966183575,0.5091164095371669,0.5603864734299517,0.6158804506166051
NOD1,0.5,0.4951298701298701,0.49516908212560384,0.4949494949494949,0.47665056360708535,0.5892911025507568
NOTCH3---Cluster1,0.56,0.5127334465195246,0.5142857142857142,0.5098039215686274,0.5085714285714286,0.6896102448895156
NQO1---Cluster1,0.38,0.3830128205128205,0.38013136288998356,0.37775993576876754,0.4630541871921182,0.4668895922511985
NRN1---Cluster2,0.6,0.6000000000000001,0.6026272577996716,0.5974235104669887,0.6026272577996715,0.5646355102344959
NUDT16---Cluster1,0.74,0.575,0.5813008130081301,0.5776478232618583,0.5338753387533876,0.8547377582529593
NUP210---Cluster1,0.56,0.5764895330112721,0.5904761904761904,0.548440065681445,0.6152380952380953,0.4407651898013992
OLFML2B---Cluster1,0.6,0.48214285714285715,0.48026315789473684,0.4802494802494803,0.45833333333333326,0.7430226684949827
OR51E2,0.58,0.49264705882352944,0.4916839916839917,0.4900437105390967,0.49896049896049893,0.7625495111074181
P2RY2---Cluster2,0.52,0.4745484400656814,0.46386946386946387,0.4485294117647059,0.46270396270396263,0.7571150141871532
P4HA2---Cluster1,0.56,0.5438311688311689,0.546875,0.5416666666666667,0.611111111111111,0.7809750000059063
PABPC5,0.44,0.3471933471933472,0.37521222410865873,0.3566176470588235,0.4838709677419355,0.36160324306888747
PAM,0.56,0.4739583333333333,0.4625,0.45436507936507936,0.48125,0.7993976302183585
PARVA,0.44,0.44605475040257647,0.44499178981937604,0.4391025641025641,0.46798029556650245,0.48695697487718353
PARVG,0.66,0.571301247771836,0.6,0.5687468290208015,0.73375,0.9089569668143629
PCDHB14,0.44,0.4083333333333333,0.4045138888888889,0.40577249575551777,0.44010416666666663,0.6211675474601182
PCDHB3,0.5,0.4983974358974359,0.49838969404186795,0.4981934965877157,0.5209339774557166,0.518942852638071
PCDHB5,0.56,0.47794117647058826,0.47619047619047616,0.47619047619047616,0.5496031746031746,0.7776682705288428
PCK2,0.5,0.5064102564102564,0.5071301247771836,0.49000407996736023,0.4563279857397505,0.38487875672431193
PCOLCE,0.6,0.5173611111111112,0.525,0.503968253968254,0.5675,0.8679371496558419
PDCD1LG2,0.72,0.587719298245614,0.6000000000000001,0.592074592074592,0.5425,0.8125208843151694
PDE6B---Cluster1,0.44,0.36502546689303905,0.3146853146853147,0.3333333333333333,0.31701631701631705,0.7013029082245723
PDE7B---Cluster2,0.62,0.6288244766505635,0.6333333333333333,0.618627057406664,0.7183333333333334,0.5982253001582187
PDLIM3---Cluster1,0.42,0.44805194805194803,0.43347193347193347,0.4005787515502274,0.44490644490644493,0.3312540097081047
PDLIM4---Cluster1,0.52,0.4305555555555556,0.4,0.40476190476190466,0.38375,0.7579918947498105
PDLIM7---Cluster1,0.56,0.573051948051948,0.575,0.5592948717948718,0.625,0.526148334824972
PEPD,0.58,0.5833333333333333,0.5853858784893268,0.5784825371336813,0.6124794745484401,0.5330005217722914
PFKFB4---Cluster1,0.48,0.4573268921095008,0.4382284382284382,0.4206773618538324,0.40326340326340326,0.20393789201760318
PHKA2---Cluster2,0.44,0.41233766233766234,0.39285714285714285,0.39236111111111116,0.27380952380952384,0.5988291099014367
PHLDA2---Cluster4,0.46,0.47058823529411764,0.4742351046698873,0.44920440636474906,0.48792270531400966,0.5092864509001667
PHTF1---Cluster1,0.6,0.5246179966044142,0.5392953929539295,0.503968253968254,0.6531165311653117,0.8898351237665336
PHYH,0.5,0.48538961038961037,0.4847198641765704,0.48325754443985114,0.48047538200339557,0.5966729661812473
PI3,0.5,0.46590909090909094,0.45104895104895104,0.43464495703301675,0.41258741258741255,0.717676936358857
PICK1,0.6,0.46031746031746035,0.44999999999999996,0.4517543859649122,0.48625,0.8297039110591674
PIK3CD,0.62,0.5190476190476191,0.5219298245614035,0.5180111618467782,0.5635964912280702,0.8207326172672719
PIK3CG,0.54,0.5211038961038961,0.5231729055258467,0.5166036149642708,0.4866310160427808,0.6628899333221316
PIP4K2C---Cluster1,0.6,0.49080882352941174,0.48750000000000004,0.48024948024948017,0.4525,0.7887089321370175
PLA2G5---Cluster2,0.52,0.42245989304812837,0.39860139860139865,0.40476190476190477,0.4592074592074592,0.7714037251389596
PLAC8,0.54,0.4518716577540107,0.4407894736842105,0.44147644487615345,0.5361842105263157,0.8015827807911003
PLAT---Cluster1,0.38,0.36042692939244664,0.35833333333333334,0.3592393551054155,0.39666666666666667,0.5596259786079788
PLAUR,0.36,0.3494363929146538,0.34125636672325976,0.34318555008210183,0.38200339558573854,0.5849585726553224
PLCB2---Cluster1,0.56,0.548440065681445,0.548440065681445,0.548440065681445,0.58128078817734,0.7229623496812024
PLEKHF2---Cluster1,0.52,0.5144230769230769,0.515625,0.5073891625615764,0.626736111111111,0.5648289005663224
PLOD2,0.6,0.6025641025641025,0.6038961038961039,0.5993589743589743,0.6655844155844156,0.6649604633862379
PLSCR4,0.46,0.4524617996604414,0.45512820512820507,0.4492044063647491,0.5200320512820513,0.5845942922780424
PLXDC1---Cluster1,0.56,0.46139705882352944,0.45394736842105265,0.4543650793650794,0.4758771929824562,0.740762868050709
PLXNB1---Cluster1,0.72,0.6452205882352942,0.6732456140350878,0.6527777777777777,0.7236842105263159,0.5646178050344717
PMP22---Cluster1,0.56,0.5383244206773619,0.535303776683087,0.533106960950764,0.5714285714285715,0.692807918398583
PNPLA4,0.5,0.47044334975369456,0.46691176470588236,0.4637494637494637,0.5514705882352942,0.7149163837342445
POLE4,0.62,0.5974025974025974,0.6142857142857143,0.5924495924495925,0.6304761904761905,0.800810684132822
POLR1D,0.5,0.5080128205128205,0.5095238095238095,0.4832575444398512,0.5219047619047619,0.3413931695683485
POU4F1---Cluster1,0.54,0.5432692307692308,0.5443349753694582,0.5383380168606986,0.5467980295566502,0.4725679233214856
PPIA,0.56,0.4861111111111111,0.48245614035087714,0.47619047619047616,0.4934210526315789,0.7573162316657007
PPIL5---Cluster2,0.52,0.4666666666666667,0.45614035087719296,0.44852941176470584,0.4736842105263158,0.7400861275802839
PRKCDBP---Cluster1,0.5,0.4027777777777778,0.3482384823848238,0.3658041603247082,0.394308943089431,0.7893260248422772
PSMA7---Cluster1,0.48,0.4357638888888889,0.4357638888888889,0.4357638888888889,0.45138888888888884,0.602827392267167
PSMB10---Cluster1,0.56,0.5249999999999999,0.5275735294117647,0.5225694444444444,0.6029411764705882,0.7872231333812959
PSMB2---Cluster1,0.58,0.5138888888888888,0.5166320166320166,0.5091164095371669,0.48856548856548854,0.7278709906851422
PTGFRN,0.46,0.44227504244482174,0.44480519480519476,0.44191814799503926,0.4496753246753247,0.5830535268914511
PTP4A3,0.54,0.4704861111111111,0.46465696465696466,0.4623655913978495,0.4844074844074844,0.7440651349613907
PTPN14---Cluster1,0.52,0.4305555555555556,0.4,0.40476190476190466,0.43250000000000005,0.7793547977541754
PTPN18---Cluster2,0.54,0.4518716577540107,0.4407894736842105,0.44147644487615345,0.5515350877192982,0.8034833736633185
PTPN9,0.62,0.5124777183600713,0.5208333333333333,0.4933333333333333,0.5997023809523809,0.8947550329127482
PTRF,0.52,0.475,0.47023809523809523,0.46524064171123,0.47718253968253965,0.7303401897898091
PTTG1---Cluster1,0.46,0.4535256410256411,0.4483065953654189,0.44191814799503926,0.45276292335115864,0.318061033561255
RAB27A---Cluster1,0.58,0.5119047619047619,0.5106951871657754,0.5091164095371669,0.5347593582887701,0.7480980083710702
RAB38,0.46,0.4490968801313629,0.4496753246753247,0.4492044063647491,0.46185064935064934,0.5700525473394312
RAB3D---Cluster1,0.68,0.6190476190476191,0.6190476190476191,0.6190476190476191,0.6285714285714286,0.7962793950663022
RAB42,0.6,0.48571428571428577,0.4825174825174825,0.48024948024948017,0.5163170163170163,0.7951411207378888
RAC2,0.58,0.5084889643463497,0.5125,0.4900437105390967,0.5225,0.810145926675725
RARG---Cluster1,0.56,0.5229202037351443,0.5240641711229946,0.5225694444444444,0.49554367201426025,0.6871057187316442
RARRES1---Cluster1,0.56,0.4923599320882852,0.48951048951048953,0.47619047619047616,0.5151515151515151,0.7873093949706762
RARRES3,0.6,0.5246179966044142,0.5392953929539295,0.503968253968254,0.5745257452574526,0.8763723379717666
RASSF1---Cluster3,0.46,0.41171477079796265,0.40441176470588236,0.40659340659340654,0.3713235294117647,0.6085875391001133
RBMS1---Cluster2,0.46,0.45999999999999996,0.4451754385964912,0.42084942084942084,0.5241228070175439,0.3091890110972558
RCAN2,0.44,0.35238095238095235,0.36185383244206776,0.3566176470588235,0.3689839572192513,0.6036514107754327
RCN3---Cluster2,0.52,0.5073891625615763,0.5073891625615763,0.5073891625615763,0.5188834154351396,0.6051911424382918
RELN,0.5,0.4270833333333333,0.4126819126819127,0.415614773258532,0.3991683991683992,0.30073134948013686
RFESD,0.6,0.5416666666666667,0.5625,0.5238095238095238,0.6799999999999999,0.9131511882730323
RGS16---Cluster1,0.6,0.5569852941176471,0.5538194444444444,0.554367201426025,0.5503472222222222,0.6782243973507807
RHOQ---Cluster1,0.52,0.4397283531409168,0.4037940379403794,0.40476190476190477,0.453929539295393,0.8170508195775996
RIN1---Cluster1,0.6,0.49080882352941174,0.48750000000000004,0.48024948024948017,0.55875,0.8307119705259712
RLBP1,0.48,0.4176570458404074,0.3991683991683992,0.4025735294117647,0.44594594594594594,0.7208425096060475
RNASE1---Cluster1,0.46,0.432088285229202,0.43333333333333335,0.43253467843631777,0.41333333333333333,0.555648840406465
RNASE4---Cluster1,0.56,0.5127334465195246,0.5142857142857142,0.5098039215686274,0.5276190476190477,0.7420251308272238
RNF149---Cluster1,0.52,0.5064102564102564,0.5119047619047619,0.4485294117647059,0.5,0.20391135232530017
ROD1---Cluster1,0.48,0.4895330112721417,0.4889643463497453,0.47665056360708535,0.6061120543293718,0.5681271199046367
RRAD---Cluster1,0.5,0.4507389162561576,0.42500000000000004,0.41561477325853197,0.5525,0.8367882133213196
RRAS---Cluster2,0.48,0.47435897435897434,0.4722222222222222,0.4663382594417077,0.5086805555555556,0.46699032351914427
S100A11,0.58,0.5563607085346216,0.5874999999999999,0.525101763907734,0.5575,0.26572526015769066
S100A16---Cluster1,0.56,0.5530145530145529,0.5410628019323671,0.5225694444444444,0.6489533011272142,0.7188661869864634
S100A2,0.54,0.5,0.5,0.4945054945054945,0.5066666666666666,0.6982021236327192
S100A8,0.58,0.5166320166320166,0.5138888888888888,0.5091164095371669,0.5677083333333333,0.7035195729771722
SAA1,0.46,0.46223316912972084,0.46314102564102566,0.458048976314733,0.5432692307692308,0.5822634622185114
SAA2,0.44,0.4464285714285714,0.4464285714285714,0.44,0.4772727272727273,0.4200438950583013
SCG5,0.4,0.4025764895330113,0.4025764895330113,0.39999999999999997,0.3993558776167472,0.47813912951830373
SELENBP1,0.48,0.4176570458404074,0.3991683991683992,0.4025735294117647,0.43451143451143454,0.7842868995401029
SEPT9---Cluster1,0.54,0.5289855072463768,0.53125,0.5245969408846631,0.5633680555555556,0.682848746037787
SERPINA1,0.46,0.36666666666666664,0.3713235294117647,0.36886395511921455,0.3970588235294118,0.6331137297182674
SERPINA3,0.42,0.40909090909090906,0.40804597701149425,0.40840473276213785,0.4745484400656815,0.6181511693028119
SERPINB1---Cluster1,0.56,0.4739583333333333,0.4625,0.45436507936507936,0.4725,0.7881657101364705
SFRP1---Cluster3,0.72,0.719551282051282,0.719551282051282,0.7195512820512819,0.7548076923076923,0.7679230792271745
SFRP2---Cluster2,0.5,0.47860962566844917,0.48051948051948057,0.47456914670029426,0.5422077922077921,0.4803952714481283
SFRP4---Cluster2,0.52,0.4305555555555556,0.4,0.40476190476190466,0.505,0.8332816608737967
SH2D4A,0.54,0.4376114081996435,0.4125,0.41653982749873164,0.47,0.8362874001156058
SH3BGRL3---Cluster1,0.48,0.42784380305602715,0.419047619047619,0.4206773618538324,0.38095238095238093,0.6137506523345828
SH3TC2---Cluster2,0.56,0.47794117647058826,0.47619047619047616,0.47619047619047616,0.4265873015873016,0.7027340056298678
SHOX2---Cluster1,0.58,0.5288624787775891,0.5337301587301587,0.525101763907734,0.5386904761904763,0.7461328734726171
SIGLEC7---Cluster1,0.58,0.5390492359932089,0.5422794117647058,0.5384615384615384,0.47977941176470584,0.6792353917487686
SIRPG,0.46,0.4565972222222222,0.45999999999999996,0.44920440636474906,0.43679999999999997,0.5128967089291682
SIRT2---Cluster3,0.64,0.641025641025641,0.641025641025641,0.64,0.6474358974358974,0.7002220619795249
SKAP2---Cluster1,0.52,0.52,0.52,0.52,0.4624,0.4834974868187212
SLAMF1---Cluster1,0.56,0.5155993431855501,0.5221445221445221,0.49448529411764697,0.6247086247086246,0.8472653565027183
SLAMF7---Cluster1,0.44,0.4439102564102564,0.44166666666666665,0.4363929146537842,0.38666666666666666,0.34053046021612976
SLAMF8---Cluster1,0.58,0.5525451559934318,0.5588235294117647,0.5495495495495496,0.6185661764705882,0.7734186551043039
SLC10A4---Cluster1,0.5,0.4951923076923077,0.4949066213921901,0.4900040799673603,0.5551782682512734,0.6855116769294685
SLC11A1---Cluster1,0.62,0.5190476190476191,0.5219298245614035,0.5180111618467782,0.5504385964912281,0.8116144034033088
SLC12A7---Cluster1,0.48,0.4074702886247878,0.372960372960373,0.38095238095238093,0.38461538461538464,0.7483436893574442
SLC16A14,0.52,0.4935064935064935,0.4920634920634921,0.4791666666666667,0.4126984126984127,0.24995785417919497
SLC16A3---Cluster1,0.56,0.4739583333333333,0.4625,0.45436507936507936,0.44999999999999996,0.7881342058824647
SLC22A5,0.58,0.5390492359932089,0.5422794117647058,0.5384615384615384,0.5505514705882353,0.7593878876980709
SLC25A13---Cluster1,0.62,0.6266025641025641,0.6408199643493762,0.6124031007751939,0.6185383244206774,0.43248468632229586
SLC25A20,0.68,0.6031746031746031,0.6031746031746031,0.6031746031746031,0.5198412698412699,0.7378633217734418
SLC25A43,0.62,0.5916666666666667,0.5980392156862745,0.5924495924495924,0.6149732620320856,0.767554780016017
SLC29A1,0.5,0.4149305555555556,0.38578088578088576,0.3929091792132102,0.5268065268065267,0.8285536799546621
SLC2A10,0.56,0.4739583333333333,0.4625,0.45436507936507936,0.495,0.8268931648060716
SLC37A4---Cluster2,0.36,0.36000000000000004,0.33333333333333337,0.33333333333333337,0.2857142857142857,0.2375521108703657
SLC44A3---Cluster1,0.48,0.4074702886247878,0.372960372960373,0.38095238095238093,0.472027972027972,0.7858714296821141
SLC47A2,0.52,0.4509803921568627,0.4476190476190476,0.4485294117647059,0.5714285714285714,0.7942249845946242
SLFN11,0.66,0.5197368421052632,0.520979020979021,0.5200451722190853,0.5827505827505828,0.8457622739703287
SLITRK4---Cluster1,0.6,0.4973262032085562,0.49593495934959353,0.4802494802494802,0.5528455284552847,0.8403837198718105
SLPI---Cluster1,0.46,0.3836805555555556,0.3607068607068607,0.3688639551192146,0.3960498960498961,0.70217489386685
SMO---Cluster1,0.64,0.5367647058823529,0.55,0.5322245322245323,0.4975,0.8092485940952977
SMPD3---Cluster3,0.42,0.4182692307692308,0.41787439613526567,0.4179044560417503,0.4589371980676329,0.4626402635181843
SNRPB---Cluster2,0.6,0.610305958132045,0.6162988115449914,0.5974235104669887,0.6146010186757216,0.5465914714653546
SOCS2---Cluster4,0.56,0.56,0.5636672325976231,0.5535714285714286,0.6213921901528013,0.5678147131392237
SOCS3---Cluster1,0.38,0.38,0.375,0.37373737373737376,0.3883333333333333,0.33693827569472407
SOX10---Cluster1,0.5,0.5,0.5,0.4981934965877158,0.5008,0.520209845306532
SP100---Cluster1,0.54,0.5083333333333333,0.5089126559714795,0.5066495066495066,0.5294117647058824,0.6680954448198732
SP110,0.46,0.48711755233494364,0.47619047619047616,0.40659340659340654,0.431547619047619,0.1473383967996037
SP140---Cluster2,0.58,0.525,0.534965034965035,0.5091164095371669,0.5967365967365967,0.8472439677585555
SP8---Cluster1,0.5,0.4583333333333333,0.45238095238095233,0.4505494505494505,0.4323809523809524,0.6918863029181092
SPAG4,0.56,0.5487012987012987,0.55,0.548440065681445,0.5883333333333333,0.7223534452599366
SPATA6,0.52,0.5,0.5,0.5,0.52,0.6498334634997087
SPI1---Cluster1,0.54,0.5357142857142857,0.5354267310789049,0.5353535353535354,0.5668276972624798,0.6128124321441736
SPOCD1---Cluster2,0.5,0.4513888888888889,0.4500891265597148,0.4505494505494506,0.4474153297682709,0.6316316828892514
SPRY1---Cluster1,0.44,0.40463458110516937,0.41215106732348106,0.40577249575551777,0.4392446633825945,0.5476193853987869
SRGN---Cluster1,0.54,0.4518716577540107,0.4407894736842105,0.44147644487615345,0.5241228070175439,0.7924182746368319
SRPX2---Cluster1,0.52,0.515625,0.5144230769230769,0.5073891625615764,0.45032051282051283,0.4746039521188695
ST3GAL4---Cluster1,0.56,0.4739583333333333,0.4625,0.45436507936507936,0.4875,0.7995878728398003
STAP2,0.56,0.5240641711229946,0.5229202037351443,0.5225694444444444,0.499151103565365,0.6425536917647136
STK3---Cluster1,0.56,0.55,0.5487012987012987,0.548440065681445,0.6542207792207791,0.731032576812309
STK32B---Cluster1,0.5,0.5,0.5,0.46374946374946374,0.48026315789473684,0.270175389344336
STX1B---Cluster2,0.58,0.5583333333333333,0.5594227504244482,0.5586380832282472,0.5500848896434635,0.4461574938489034
STX3---Cluster2,0.5,0.48051948051948057,0.47860962566844917,0.47456914670029426,0.499108734402852,0.7152458922174452
SYDE1---Cluster1,0.54,0.5,0.5,0.4945054945054945,0.49047619047619045,0.6846443666872517
TBC1D1---Cluster1,0.54,0.5698051948051949,0.5893970893970895,0.5245969408846631,0.5571725571725572,0.35908654370839244
TC2N---Cluster2,0.54,0.5231729055258467,0.5211038961038961,0.5166036149642708,0.4448051948051948,0.5138197101454982
TFCP2L1,0.6,0.6,0.6061120543293719,0.5941558441558441,0.6485568760611204,0.5642188492379954
TGFB2---Cluster1,0.52,0.39889705882352944,0.3625,0.37629937629937626,0.40249999999999997,0.7708128136298047
TGFBI---Cluster1,0.44,0.375,0.3125,0.3333333333333333,0.31999999999999995,0.7431044738876174
THEM4---Cluster1,0.64,0.6083333333333334,0.6194852941176471,0.609375,0.6930147058823529,0.4878722208854314
TIPIN,0.58,0.4417879417879418,0.43859649122807015,0.44000000000000006,0.45394736842105265,0.7825313204587803
TM4SF1,0.54,0.5432692307692308,0.5443349753694582,0.5383380168606986,0.6288998357963875,0.5454725559091637
TMCO4,0.56,0.535303776683087,0.5383244206773619,0.533106960950764,0.47593582887700536,0.6203601346294028
TMCO6---Cluster1,0.6,0.5052083333333334,0.5089285714285714,0.48024948024948033,0.5476190476190477,0.31573578883923714
TMED5---Cluster2,0.48,0.4903846153846154,0.48684210526315785,0.44821731748726656,0.5219298245614035,0.3149004366661706
TMEM106A,0.54,0.4376114081996435,0.4125,0.41653982749873164,0.48625,0.8024745747496074
TMEM132D,0.54,0.54,0.5496031746031746,0.5166036149642708,0.5654761904761905,0.7903277344461819
TMEM158,0.52,0.42245989304812837,0.39860139860139865,0.40476190476190477,0.49184149184149184,0.7921552806747416
TMEM159,0.56,0.5025466893039049,0.5031185031185031,0.494485294117647,0.5197505197505197,0.7492642745431287
TMEM168---Cluster1,0.6,0.5795454545454546,0.5900735294117647,0.5755517826825127,0.6213235294117647,0.4252271104544667
TMEM177---Cluster2,0.54,0.564935064935065,0.5761904761904761,0.5308037535699714,0.5485714285714286,0.44988161252136405
TMEM51---Cluster1,0.56,0.46702317290552586,0.4568764568764569,0.45436507936507936,0.5058275058275058,0.7882690203180206
TMEM71,0.5,0.4770114942528736,0.4756944444444444,0.47456914670029426,0.41840277777777773,0.5824195366978946
TMSL3,0.52,0.4319852941176471,0.42658730158730157,0.42857142857142855,0.47916666666666663,0.7190820157150684
TNFRSF10B---Cluster2,0.48,0.5347593582887701,0.5347593582887701,0.48000000000000004,0.5935828877005347,0.5461024888810786
TOM1L1---Cluster1,0.54,0.4376114081996435,0.4125,0.41653982749873164,0.45999999999999996,0.7845214845322607
TPBG,0.5,0.4392361111111111,0.43333333333333335,0.4346449570330167,0.5028571428571429,0.7759619133743685
TPM4---Cluster2,0.48,0.4663382594417077,0.4663382594417077,0.4663382594417077,0.5008210180623973,0.6552111366806282
TRAF5,0.46,0.46223316912972084,0.46314102564102566,0.458048976314733,0.483974358974359,0.4921991186352317
TREM1,0.54,0.5289855072463768,0.53125,0.5245969408846631,0.5208333333333334,0.706317191007399
TREM2---Cluster1,0.56,0.4955436720142603,0.49523809523809526,0.494485294117647,0.4990476190476191,0.6964017681447501
TREML2,0.66,0.5238095238095238,0.532520325203252,0.5200451722190853,0.5230352303523036,0.823753558639818
TRIM14,0.6,0.6009615384615384,0.6009615384615384,0.6,0.5769230769230769,0.5596978131895481
TRIM36---Cluster1,0.46,0.46314102564102566,0.46223316912972084,0.458048976314733,0.4745484400656814,0.4388805641675516
TRIM38,0.44,0.4172077922077922,0.40625,0.40577249575551777,0.3915441176470588,0.6342946150429717
TRIM59---Cluster1,0.56,0.48217317487266553,0.4715447154471545,0.4543650793650794,0.4607046070460705,0.8133104008739608
TRIP4---Cluster1,0.6,0.48750000000000004,0.49080882352941174,0.48024948024948017,0.4264705882352941,0.6794137965793685
TSPAN4---Cluster1,0.46,0.46474358974358976,0.4626485568760611,0.4545454545454545,0.4499151103565365,0.5950133931489653
TUFT1,0.52,0.49066213921901525,0.49066213921901525,0.49066213921901525,0.502546689303905,0.6617455033282351
UCP2,0.6,0.5449915110356536,0.5550935550935552,0.5404411764705882,0.6372141372141372,0.8457749631450372
UPP1---Cluster1,0.62,0.4649122807017544,0.46270396270396275,0.4635798983625071,0.5268065268065268,0.8265991646781545
USP4---Cluster1,0.46,0.42282430213464695,0.40674603174603174,0.40659340659340654,0.49107142857142855,0.7199934051958741
VIM,0.62,0.5998389694041868,0.6359649122807017,0.5824175824175823,0.6842105263157894,0.5454580077645093
VNN1---Cluster1,0.64,0.5486111111111112,0.5833333333333333,0.5322245322245321,0.6458333333333333,0.9003633013600107
WBSCR17,0.58,0.5257352941176471,0.5249554367201427,0.5251017639077341,0.572192513368984,0.41661442723483694
WDR76,0.54,0.4704861111111111,0.46465696465696466,0.4623655913978495,0.39916839916839914,0.33080482787343773
WEE1,0.48,0.43333333333333335,0.42063492063492064,0.4206773618538324,0.4087301587301587,0.6558055799444882
WFIKKN2---Cluster1,0.52,0.42245989304812837,0.39860139860139865,0.40476190476190477,0.5198135198135198,0.8074249443718018
XAF1,0.56,0.4739583333333333,0.4625,0.45436507936507936,0.5325,0.8359643381636294
YAP1---Cluster1,0.56,0.56,0.6245847176079734,0.4944852941176471,0.6212624584717606,0.21915109744057112
YIF1B---Cluster2,0.46,0.4691558441558441,0.4688013136288999,0.45978391356542614,0.48275862068965514,0.47187846395537564
ZAK---Cluster1,0.52,0.42245989304812837,0.39860139860139865,0.40476190476190477,0.4883449883449883,0.7899465068495564
ZC3HAV1L---Cluster2,0.5,0.46354166666666663,0.46434634974533107,0.4637494637494637,0.5246179966044142,0.6620830243702249
ZDHHC12---Cluster1,0.54,0.3968253968253968,0.3787878787878788,0.38666666666666666,0.3986013986013986,0.7362487859274618
ZIC1---Cluster1,0.5,0.49047619047619045,0.4919871794871795,0.47456914670029426,0.4423076923076923,0.44436128999661473
ZIC3,0.56,0.5615763546798029,0.56,0.5571658615136876,0.5328,0.5812256047556047
ZSCAN12---Cluster1,0.42,0.41346153846153844,0.4037433155080214,0.40057875155022726,0.4652406417112299,0.6729827838631932
