,accuracy,precision,recall,f1score,AUC,AP
ABCA6,0.573170731707317,0.584478021978022,0.5731707317073171,0.5583935990152332,0.5722784057108865,0.5754869805198068
ABCC2---Cluster1,0.7195121951219512,0.6917892156862745,0.7196491228070175,0.6955609362389024,0.7894736842105263,0.5887130423630998
ACAP1,0.5487804878048781,0.5458333333333333,0.5487033523086654,0.5405118885355141,0.6198608475648324,0.755069342840608
ACOT2,0.6463414634146342,0.6249249249249249,0.6575757575757575,0.616142050040355,0.7011363636363637,0.4732809011204717
ACP5---Cluster1,0.6097560975609756,0.5968992248062015,0.6357560568086884,0.5731945348080677,0.6307435254803676,0.31659683789570103
ACSS1,0.45121951219512196,0.45535714285714285,0.4494949494949495,0.43707093821510296,0.4797979797979798,0.4294675774306227
ADCY5---Cluster1,0.6341463414634146,0.559375,0.6130952380952381,0.5340909090909092,0.638095238095238,0.1939610676388531
AJAP1---Cluster1,0.5975609756097561,0.5756756756756757,0.5954545454545455,0.5631961259079903,0.5659090909090909,0.29453978308742984
AKD1---Cluster1,0.5609756097560976,0.5609756097560976,0.5633889919604205,0.5567567567567567,0.647495361781076,0.6266821879282831
AKR7L---Cluster1,0.5487804878048781,0.5542635658914729,0.556875,0.5454681647940076,0.50875,0.5997575633110035
ALDOC---Cluster1,0.5609756097560976,0.4990723562152134,0.49850746268656715,0.4698275862068966,0.5064676616915422,0.19851907681085543
ALOX5AP,0.524390243902439,0.4939209726443769,0.492816091954023,0.48377723970944314,0.5772270114942529,0.7818214706509778
AMBP---Cluster1,0.6707317073170732,0.6663663663663664,0.6672705314009661,0.6667168447990366,0.7493961352657005,0.6700976838534277
ANAPC13---Cluster1,0.5853658536585366,0.5428921568627451,0.5564516129032258,0.5306397306397306,0.6693548387096775,0.4180590557948203
ANGPTL1,0.6707317073170732,0.6720238095238096,0.6735735735735736,0.6702903946388683,0.6771771771771772,0.7342389516883577
AOAH,0.6341463414634146,0.5762499999999999,0.6059027777777778,0.5684210526315789,0.6354166666666667,0.880147341985038
APOBEC3C,0.5365853658536586,0.5365853658536586,0.536936936936937,0.5354800238521169,0.530930930930931,0.45839600882945397
APOH---Cluster1,0.5609756097560976,0.5404255319148936,0.5432661027976577,0.5387500000000001,0.567989590110605,0.7082705592899965
AQP1---Cluster1,0.6463414634146342,0.6081593927893738,0.617445054945055,0.6101000163961304,0.7245879120879121,0.45505926085494575
ATRNL1---Cluster2,0.573170731707317,0.5401215805471125,0.55,0.529431054271192,0.6659090909090909,0.49867213648123354
B3GNT3---Cluster1,0.524390243902439,0.49102564102564106,0.4911448450347881,0.4910074805029445,0.5332068311195446,0.4520633984791911
B3GNT8,0.43902439024390244,0.45285285285285287,0.44892648015614833,0.4336336336336336,0.4853610930383865,0.38841606203556883
BATF---Cluster1,0.5975609756097561,0.559369202226345,0.5689655172413793,0.5563207083128382,0.6285919540229884,0.8230748160283862
BDKRB2---Cluster2,0.5,0.463768115942029,0.4457013574660633,0.42852286248512655,0.5167420814479637,0.2376119099161083
BMP4---Cluster2,0.6219512195121951,0.58875,0.5956228956228956,0.5896690879741727,0.6902356902356902,0.496019843390342
BST2---Cluster2,0.5121951219512195,0.4978723404255319,0.49783549783549785,0.49754901960784315,0.5095856524427953,0.6396963482030178
C10orf81,0.573170731707317,0.5136629798308393,0.5150862068965517,0.5121536630970593,0.5560344827586207,0.30884517006960255
C10orf99,0.4268292682926829,0.4088145896656535,0.40625,0.40698569010617014,0.35062499999999996,0.5101786821133751
C14orf132---Cluster1,0.5609756097560976,0.552772808586762,0.5595959595959596,0.5435992578849722,0.665993265993266,0.5641197512556693
C16orf54---Cluster1,0.5975609756097561,0.5346153846153846,0.5421545667447306,0.5304528891202498,0.6018735362997658,0.821022703525375
C17orf57---Cluster1,0.6341463414634146,0.6237328562909958,0.6529108327192337,0.6110056925996206,0.6204863669859986,0.8173506487026474
C17orf62---Cluster2,0.6951219512195121,0.687200956937799,0.6979759645793802,0.687261632341724,0.7172675521821631,0.7901285163041603
C1QL1---Cluster2,0.5,0.5127659574468085,0.5128676470588236,0.49992562843968463,0.5649509803921569,0.48323864412859563
C1S---Cluster2,0.5487804878048781,0.49810246679316894,0.4978448275862069,0.4939115929941619,0.5431034482758621,0.7799758085690012
C2---Cluster1,0.4634146341463415,0.45998698763825635,0.46341463414634143,0.45167173252279635,0.40987507436049975,0.4397396349275499
C22orf45---Cluster1,0.6097560975609756,0.5680147058823529,0.5895161290322581,0.5582491582491583,0.6620967741935483,0.32888606420522465
C2orf18---Cluster2,0.43902439024390244,0.42523923444976075,0.4141483516483516,0.410625,0.4278846153846154,0.6783991725188833
C3---Cluster1,0.5853658536585366,0.5821256038647343,0.5813397129186603,0.5813813813813814,0.5953947368421053,0.5822272365903081
C4orf6,0.5121951219512195,0.5018382352941176,0.5018115942028986,0.5015197568389058,0.466183574879227,0.4296238278633296
C6orf150---Cluster1,0.573170731707317,0.5506410256410257,0.5488559059987631,0.5489548954895489,0.5572047000618429,0.44606698582729565
C9orf167---Cluster1,0.5121951219512195,0.4370651486401012,0.4099547511312217,0.410919540229885,0.4678733031674208,0.20079883170364493
CALML4,0.6097560975609756,0.6076555023923444,0.6076555023923444,0.6076555023923444,0.617822966507177,0.6163810294704332
CAPN12---Cluster2,0.47560975609756095,0.4862440191387559,0.4850357839947951,0.4692157157910582,0.45087833441769676,0.3793692661629519
CAPN6,0.5487804878048781,0.5387596899224806,0.5466954022988506,0.5231808895175232,0.5689655172413793,0.3590020167892819
CARD14,0.5609756097560976,0.5625,0.5634057971014492,0.5599284436493739,0.5132850241545894,0.47441090580985973
CASP8---Cluster2,0.5853658536585366,0.5762917933130699,0.5762917933130699,0.5762917933130699,0.6066869300911855,0.6410170722973548
CCDC109B---Cluster1,0.5853658536585366,0.5108771929824562,0.5108771929824562,0.5108771929824562,0.5221052631578947,0.3395974431755212
CCDC135,0.5853658536585366,0.5343228200371057,0.5463659147869674,0.5212912087912088,0.6390977443609023,0.8885285472168392
CCDC8---Cluster1,0.6341463414634146,0.5701917130488559,0.6265328874024526,0.5467943994104643,0.6243032329988851,0.9006639133833119
CCDC8---Cluster2,0.6097560975609756,0.618018018018018,0.6194528875379939,0.6095238095238096,0.7015197568389058,0.7753343603244844
CCL15,0.6463414634146342,0.6363636363636364,0.6483409238776838,0.6340975534697646,0.7150292778139232,0.5469258833644345
CCL20---Cluster2,0.5853658536585366,0.5343137254901961,0.553030303030303,0.5108771929824562,0.5293560606060606,0.8230321118620443
CCR1,0.5975609756097561,0.5962009803921569,0.5936195587358377,0.5926539214210447,0.5799045915324985,0.5679771357786468
CCR7,0.524390243902439,0.5186186186186186,0.518719806763285,0.5185909980430528,0.5621980676328502,0.5727702264927728
CCR8,0.5853658536585366,0.5471813725490197,0.5583333333333333,0.539021164021164,0.6007575757575757,0.8042973110832282
CD2,0.4634146341463415,0.4605263157894737,0.4605263157894737,0.4605263157894737,0.48086124401913877,0.5816276286537848
CD27,0.4878048780487805,0.4878048780487805,0.4861952861952862,0.4724264705882353,0.4929292929292929,0.6892783492684338
CD3D---Cluster1,0.5487804878048781,0.5435301132975552,0.545625,0.5405118885355142,0.530625,0.6869748777503346
CD3G---Cluster2,0.5487804878048781,0.5202205882352942,0.5222222222222221,0.5171096609899729,0.5494949494949495,0.7179385507602671
CD40,0.6341463414634146,0.5706249999999999,0.6070075757575757,0.5581896551724138,0.5795454545454545,0.31726702264449486
CD6---Cluster1,0.6463414634146342,0.6213768115942029,0.6481208548268238,0.6161420500403552,0.6787030213706706,0.818820777569349
CD96---Cluster1,0.5609756097560976,0.4952561669829222,0.493734335839599,0.48210526315789476,0.47535505430242275,0.7736491070861928
CDC42BPA,0.573170731707317,0.5655933214072748,0.5727513227513228,0.5583935990152331,0.613095238095238,0.48369200629951586
CDH17---Cluster1,0.6219512195121951,0.6051051051051051,0.6201923076923077,0.6005029074336006,0.6263736263736264,0.7754689318575692
CDSN,0.6097560975609756,0.6189613526570048,0.6189613526570048,0.6097560975609756,0.6721014492753623,0.6172682760470976
CEBPE---Cluster2,0.6585365853658537,0.6517590936195587,0.6655823031880286,0.6482843137254902,0.6766428106701368,0.7937049170446187
CENPBD1,0.6219512195121951,0.5998774509803921,0.6060507482108002,0.6005029074336006,0.5588809368900456,0.4081727035851249
CES3---Cluster1,0.5365853658536586,0.5365853658536586,0.5431578947368421,0.5182436611008039,0.5936842105263158,0.7925273897735807
CHAF1B,0.524390243902439,0.5066425120772947,0.5071567989590111,0.503030303030303,0.5266753415744958,0.39009670737493574
CHST3---Cluster1,0.5853658536585366,0.577221228384019,0.5872053872053872,0.5689548546691404,0.663973063973064,0.8238607801456143
CHST4---Cluster1,0.5365853658536586,0.5351190476190476,0.5356280193236715,0.5340909090909091,0.5271739130434783,0.6056000334580071
CIB2,0.5487804878048781,0.5030637254901961,0.5041771094402674,0.48427672955974843,0.5497076023391813,0.263395873810407
CLCN6---Cluster3,0.6463414634146342,0.607598784194529,0.6536458333333333,0.595784463708992,0.6961805555555556,0.34395396612993606
CLDN19,0.6585365853658537,0.6654411764705883,0.6607142857142857,0.6566985645933014,0.700595238095238,0.7214478214587337
CLEC2D---Cluster1,0.5487804878048781,0.5483005366726297,0.5482142857142858,0.5481757259865971,0.6166666666666667,0.6707920767812622
CLEC3B---Cluster2,0.5853658536585366,0.5777511961722488,0.58125,0.5762917933130699,0.6043749999999999,0.5209236634955045
COX6A2---Cluster1,0.5487804878048781,0.5511904761904762,0.5531849103277675,0.5454681647940075,0.5912183055040198,0.7115895255659161
CPEB4---Cluster1,0.5487804878048781,0.5261398176291794,0.5284391534391535,0.5231808895175232,0.5952380952380952,0.4208088630595232
CRTAM,0.6707317073170732,0.6346153846153846,0.6414141414141414,0.6369896704377767,0.6713804713804713,0.7823391497672485
CTSE,0.5121951219512195,0.5099099099099099,0.5098389982110912,0.5095693779904306,0.5974955277280859,0.6504419245496245
CTSF,0.6707317073170732,0.6501225490196079,0.6594014313597918,0.652050919377652,0.6883539362394275,0.6283791351900937
CTSZ---Cluster1,0.45121951219512196,0.4410334346504559,0.4414251207729468,0.441163107678328,0.4728260869565218,0.5687760275764605
CUBN,0.7073170731707317,0.6967703349282297,0.7175925925925926,0.6957328385899815,0.7516534391534392,0.559313534003814
CXCL5---Cluster1,0.5609756097560976,0.5435049019607843,0.544375,0.5435992578849722,0.5118750000000001,0.45071423237370917
CXCL6,0.5,0.5,0.5,0.49992562843968463,0.5303571428571429,0.5534945626335143
CXCR6,0.5853658536585366,0.5549516908212561,0.5733870967741936,0.5390211640211641,0.6104838709677419,0.833375620534724
CYP4X1---Cluster1,0.7195121951219512,0.6799999999999999,0.7122328666175386,0.6854045037531276,0.6834929992630803,0.4153013046233341
DAK---Cluster2,0.6585365853658537,0.6482843137254902,0.6482843137254902,0.6482843137254902,0.7095588235294118,0.7314155698352323
DAND5---Cluster2,0.5975609756097561,0.5912343470483006,0.5980769230769231,0.5871853546910755,0.6551282051282051,0.7921689332147135
DAPP1,0.6219512195121951,0.6027027027027028,0.6228448275862069,0.5954162024510584,0.6795977011494253,0.840631511370795
DCAF12L1,0.5,0.5053571428571428,0.5066322770817981,0.47754467754467755,0.4487840825350037,0.7180662849507882
DDAH2---Cluster2,0.524390243902439,0.5178571428571428,0.525062656641604,0.4837772397094431,0.581453634085213,0.2805383172943094
DDX43,0.6219512195121951,0.6172619047619048,0.6382456140350877,0.6049728049728049,0.6757894736842105,0.821650880182401
DGKA---Cluster1,0.5121951219512195,0.5125,0.5125,0.5121951219512195,0.5416666666666667,0.5429362589901272
DOK2,0.5365853658536586,0.5321321321321322,0.5321321321321322,0.5321321321321322,0.5903903903903904,0.5739125464050285
DPP4,0.6829268292682927,0.6797619047619048,0.6935897435897436,0.6759878419452887,0.7147435897435898,0.5402234264926291
EFCAB4B,0.4146341463414634,0.41562313655336913,0.41562313655336913,0.41463414634146334,0.40667859272510437,0.461100674678127
EFEMP1---Cluster1,0.5609756097560976,0.5611210494931425,0.5609756097560976,0.5607142857142857,0.5948839976204641,0.5854488736661331
EFS---Cluster1,0.5975609756097561,0.5996996996996997,0.5988095238095239,0.5970215934475055,0.6303571428571428,0.6564044739732685
ESPN---Cluster2,0.7682926829268293,0.7061986084756483,0.8087121212121212,0.7166757592289508,0.8551136363636365,0.5422824430740233
ESRP1---Cluster1,0.5975609756097561,0.6055456171735242,0.6170634920634921,0.5901862789641072,0.6954365079365079,0.8002285803085574
ETV7---Cluster1,0.47560975609756095,0.47560975609756095,0.4728835978835979,0.4620900076277651,0.47751322751322756,0.35547652147365083
EVL---Cluster1,0.5853658536585366,0.5819916517590936,0.5835866261398176,0.5813813813813813,0.6249240121580547,0.7202653454343831
EXTL2,0.7073170731707317,0.6877033181522447,0.6824794433902593,0.6846153846153846,0.7065148640101201,0.7505625673023479
FAM107A,0.5975609756097561,0.5869565217391304,0.5890538033395176,0.5871853546910755,0.6277056277056277,0.7440478603859346
FAM113B,0.573170731707317,0.531875,0.5357894736842105,0.529431054271192,0.623157894736842,0.7898439569547111
FANCE---Cluster1,0.5365853658536586,0.5365853658536586,0.536936936936937,0.5354800238521169,0.6204204204204204,0.6975693135168615
FASLG,0.573170731707317,0.5020604395604396,0.5021052631578947,0.501995488460871,0.439298245614035,0.6523021991862563
FBXO27,0.5609756097560976,0.555952380952381,0.5675287356321839,0.5387500000000001,0.6120689655172414,0.47427892824277623
FGF11---Cluster1,0.6097560975609756,0.561875,0.575,0.5582491582491582,0.6257575757575758,0.8065589619735245
FMO2,0.5975609756097561,0.5946428571428571,0.6005692599620494,0.5901862789641072,0.6622390891840607,0.5066915962157101
FSTL1---Cluster1,0.5487804878048781,0.5488095238095239,0.5487804878048781,0.5487133720065448,0.5348007138607971,0.5455077868139564
GALNT5---Cluster1,0.6341463414634146,0.6258258258258258,0.629560915275201,0.6261398176291793,0.6437847866419295,0.5906701904778056
GLIPR1L2---Cluster2,0.5853658536585366,0.46596491228070175,0.4561085972850679,0.45589383294301333,0.3755656108597285,0.19382945419114475
GPR37---Cluster1,0.5365853658536586,0.5412679425837321,0.5416666666666667,0.5363095238095239,0.5416666666666666,0.5952820375309492
GPR39---Cluster1,0.5365853658536586,0.528324388789505,0.531986531986532,0.518243661100804,0.5279461279461279,0.33016112134338904
GPR55---Cluster2,0.6951219512195121,0.687200956937799,0.6979759645793802,0.687261632341724,0.6941808981657179,0.8095808433505342
GPR56---Cluster1,0.6463414634146342,0.603951367781155,0.6619318181818181,0.5873676904390074,0.6893939393939394,0.3767076809435579
GPX7---Cluster1,0.6951219512195121,0.6537001897533207,0.6745689655172413,0.6580483736447038,0.6889367816091954,0.42691992859438305
GRAP2,0.573170731707317,0.5696428571428571,0.5761223162003903,0.5621662852784134,0.5439167208848406,0.6874429775021815
GSG1---Cluster2,0.4878048780487805,0.492546213476446,0.492269635126778,0.4850478468899521,0.4557823129251701,0.380844715819157
GSTP1---Cluster1,0.5609756097560976,0.5520833333333333,0.5513285024154589,0.5513677811550152,0.6286231884057971,0.5355283888889406
GSTT1,0.524390243902439,0.4885265700483092,0.4828054298642534,0.4563997960224375,0.567420814479638,0.3394801670832377
GZMK,0.5609756097560976,0.499375,0.4991319444444444,0.48210526315789476,0.5234375,0.8191245735184198
HABP2---Cluster2,0.573170731707317,0.5340136054421769,0.5395114942528736,0.529431054271192,0.548132183908046,0.7327655005387699
HDAC11---Cluster2,0.5853658536585366,0.5640074211502782,0.5654648956356736,0.564375,0.7292852624920936,0.8514022534522155
HIST1H2BJ---Cluster2,0.5365853658536586,0.5355392156862745,0.5345238095238095,0.5321321321321322,0.4821428571428571,0.48690579630408665
HIST3H2A---Cluster1,0.6219512195121951,0.6155015197568389,0.6147342995169083,0.6150234741784038,0.5691425120772947,0.5144135618470154
HLA-DOB,0.5365853658536586,0.524375,0.5235507246376812,0.522671568627451,0.5483091787439613,0.6003738465150918
HLA-DPB1---Cluster1,0.47560975609756095,0.481547619047619,0.47580015612802495,0.4458588716014459,0.4621389539422326,0.2982592507181397
HNF4G,0.5487804878048781,0.5344202898550725,0.5360531309297913,0.5331589475303893,0.5698924731182796,0.5143424681103661
HOXA11AS---Cluster2,0.47560975609756095,0.46629901960784315,0.466966966966967,0.4660003028926246,0.4858858858858858,0.5827257958786739
HOXA7---Cluster2,0.4146341463414634,0.41641337386018235,0.4180083482409064,0.4132379248658319,0.4406678592725104,0.4304898791781493
HOXA9---Cluster1,0.6219512195121951,0.5397435897435897,0.5616915422885572,0.5253034547152194,0.5014925373134329,0.18951599136415231
HOXB2---Cluster1,0.6219512195121951,0.5982433311646064,0.594375,0.5954162024510583,0.594375,0.4780714497345676
HOXB8---Cluster1,0.5487804878048781,0.5528528528528529,0.5526315789473684,0.5487133720065447,0.5765550239234449,0.5879371520954769
HPD---Cluster2,0.6341463414634146,0.6042553191489362,0.6263817243920413,0.5998698763825634,0.6123802505526897,0.4463642756851946
HRASLS,0.6219512195121951,0.5870098039215685,0.6046425939572586,0.5832103623544843,0.681650700073692,0.4317348260639294
HRASLS2,0.6707317073170732,0.6403834260977118,0.6559065934065934,0.6426150121065375,0.7026098901098901,0.5011967374009868
HSD17B13---Cluster1,0.6707317073170732,0.6608851674641147,0.6750162654521796,0.6593322049546084,0.7254391672088484,0.6177946608874394
HSD17B7P2---Cluster1,0.5853658536585366,0.5591397849462365,0.5591397849462365,0.5591397849462365,0.5135989879822898,0.409654578239711
ICA1---Cluster2,0.6219512195121951,0.6051051051051051,0.6201923076923077,0.6005029074336006,0.6401098901098901,0.4833245195821403
IFI16---Cluster2,0.5365853658536586,0.5327380952380952,0.5363756613756614,0.522671568627451,0.548941798941799,0.7133338626382895
IFNGR2---Cluster1,0.5853658536585366,0.5833333333333333,0.5857843137254902,0.5813813813813813,0.5931372549019608,0.4610712914221035
IL12RB2,0.5365853658536586,0.5235507246376812,0.524375,0.522671568627451,0.5137499999999999,0.4211757846459635
IL17RE---Cluster3,0.6829268292682927,0.6606606606606606,0.7088212334113972,0.653220559531555,0.6838407494145199,0.8463936815798783
IL1R2,0.5609756097560976,0.5609756097560976,0.5609756097560976,0.5609756097560976,0.5925044616299822,0.5592918133966613
IL20RB,0.5853658536585366,0.5693693693693693,0.5777777777777777,0.564375,0.6202020202020202,0.7769638476162836
IL2RA---Cluster1,0.5609756097560976,0.5042290175666884,0.504561403508772,0.503030303030303,0.5519298245614035,0.7473423528273961
IRF7---Cluster1,0.5609756097560976,0.529483282674772,0.5357406042741342,0.5198438516590762,0.6050110537951363,0.7914655536594152
ISYNA1---Cluster1,0.6219512195121951,0.5662499999999999,0.5885547201336675,0.5589102897796286,0.6616541353383458,0.35879068575503603
ITIH1,0.5365853658536586,0.5153153153153153,0.5187914517317612,0.5006410256410256,0.5372144436256447,0.7643729521104508
ITPRIP,0.6341463414634146,0.6297872340425532,0.6282282282282282,0.6286231884057971,0.63003003003003,0.685940704104124
KAZALD1,0.5,0.4892344497607656,0.4882888744307092,0.4826896445607016,0.47430058555627846,0.6671125842535683
KCNJ11---Cluster1,0.5365853658536586,0.5072738772928527,0.5072738772928527,0.5072738772928527,0.5407969639468692,0.6595641094479409
KLHL3,0.573170731707317,0.575075075075075,0.5744047619047619,0.5725986597170514,0.6202380952380953,0.6740440363575825
KRT80---Cluster1,0.5365853658536586,0.5394736842105263,0.5394736842105263,0.5365853658536586,0.5293062200956938,0.5460727251978758
KRTCAP3,0.6219512195121951,0.5379506641366224,0.5714285714285714,0.5114357101672112,0.6071428571428571,0.18109006907102676
LAD1---Cluster1,0.6463414634146342,0.6112462006079027,0.6475806451612903,0.6033361134278565,0.6709677419354838,0.33527108839526215
LAMB3---Cluster1,0.6219512195121951,0.6118421052631579,0.621665582303188,0.6088629019849207,0.6187378009108654,0.719111754381556
LAMC2---Cluster1,0.5853658536585366,0.578978978978979,0.5799392097264437,0.5791062801932367,0.6048632218844985,0.50210195383929
LBP,0.5609756097560976,0.4889310562934851,0.48416289592760187,0.4698275862068966,0.48416289592760187,0.7807926878288359
LCP1---Cluster1,0.6097560975609756,0.6089285714285715,0.6094497607655502,0.6088252832438878,0.6441387559808612,0.7078543490551564
LGALS3BP,0.5609756097560976,0.5587358378056052,0.5591591591591591,0.5586124401913874,0.5375375375375375,0.46902492391200884
LGALS4,0.5853658536585366,0.49964912280701756,0.49963154016212236,0.4992816091954023,0.56963890935888,0.7660921771996085
LGI4---Cluster1,0.5,0.4727891156462585,0.4717948717948718,0.4716328775734716,0.4275641025641026,0.6025275070403475
LIME1,0.5609756097560976,0.5503875968992248,0.5622697126013264,0.5332068311195446,0.6547531319086219,0.40054596286748445
LOC100233209,0.5975609756097561,0.5888491353607632,0.6023351648351649,0.5794871794871795,0.6476648351648352,0.7872083682180501
LOC388387---Cluster2,0.6829268292682927,0.6456400742115028,0.6735445836403833,0.6474867724867724,0.7284450994841561,0.4721880378741107
LOC55908---Cluster2,0.5121951219512195,0.48897058823529416,0.48846153846153845,0.48750000000000004,0.4955128205128205,0.6725920269609521
LRFN4,0.5609756097560976,0.5725,0.569377990430622,0.5586124401913876,0.5867224880382775,0.6293802514318408
LSP1---Cluster2,0.5975609756097561,0.5924269528920691,0.596875,0.5901862789641072,0.585625,0.7479738595605756
LTBP3---Cluster1,0.45121951219512196,0.46557971014492755,0.4639468690702087,0.4491715181370354,0.45983554712207464,0.41100873466166027
LTC4S,0.4634146341463415,0.4669140383426098,0.468097793679189,0.4605263157894737,0.4847942754919499,0.47218312359644204
LY96,0.6585365853658537,0.6139705882352942,0.6614583333333333,0.6057692307692308,0.6215277777777779,0.8256456421546403
MAP4K2,0.6219512195121951,0.6147147147147147,0.6170343137254902,0.6150234741784038,0.6439950980392157,0.7220461945330694
MAP9---Cluster1,0.5609756097560976,0.5351351351351352,0.5488721804511278,0.5119047619047619,0.6240601503759399,0.45252795849361305
MASP1---Cluster1,0.6219512195121951,0.6027027027027028,0.6228448275862069,0.5954162024510584,0.6846264367816092,0.4000094270558296
MAT1A---Cluster1,0.573170731707317,0.5583586626139817,0.56,0.5583935990152331,0.569375,0.679916334500646
MFSD7---Cluster1,0.5975609756097561,0.5998803827751196,0.599582587954681,0.5975011155734048,0.6553369111508646,0.6618230731761543
MGAM---Cluster1,0.6585365853658537,0.6292270531400966,0.6725806451612903,0.6203703703703703,0.7749999999999999,0.5147170691520585
MGAT1,0.524390243902439,0.4950980392156863,0.4946127946127946,0.4910074805029444,0.5164983164983166,0.6626593730869668
MOBKL2A,0.5487804878048781,0.5334346504559271,0.534375,0.5331589475303893,0.58375,0.685830193578007
MT1E---Cluster1,0.6219512195121951,0.6156827668455576,0.6243589743589744,0.6122044241037375,0.6435897435897436,0.5492721589370115
NCKAP1L---Cluster1,0.5487804878048781,0.5136054421768708,0.5151098901098901,0.5102502017756254,0.532967032967033,0.7518114287255449
NKG7,0.5609756097560976,0.5422705314009661,0.5462962962962963,0.53875,0.5674603174603176,0.7055488094030933
NPC1L1---Cluster1,0.4878048780487805,0.4878048780487805,0.4873222016079159,0.48288288288288284,0.5139146567717996,0.40366487534403256
PAK6---Cluster1,0.6341463414634146,0.6145833333333333,0.6198717948717949,0.615625,0.5647435897435897,0.6871524665656099
PAQR5,0.7195121951219512,0.6910946196660482,0.7122252747252746,0.6955609362389024,0.720467032967033,0.48162028594029316
PDLIM4---Cluster1,0.5853658536585366,0.6028708133971292,0.6303030303030304,0.5689548546691404,0.618939393939394,0.8205893625521195
PDZK1IP1,0.6829268292682927,0.6577507598784195,0.6821052631578948,0.6583333333333332,0.751578947368421,0.5154713630609384
PFKM,0.6097560975609756,0.5891891891891892,0.6094325718496685,0.5794871794871795,0.6315401621223287,0.8023108508298887
PIPOX---Cluster1,0.5853658536585366,0.5544072948328267,0.5659543109801032,0.546519193233572,0.5622697126013264,0.4058138485216919
PKIA---Cluster1,0.4634146341463415,0.4699088145896656,0.4702702702702703,0.4630952380952381,0.5243243243243243,0.5188400841261108
PKP3,0.6219512195121951,0.5410052910052909,0.551796157059315,0.5377341334788143,0.5739348370927317,0.8001132931365036
PLA2G12B---Cluster1,0.5365853658536586,0.4984539270253556,0.4982456140350877,0.4931685100845803,0.5038596491228071,0.3378530768330118
PLAC8,0.5609756097560976,0.510625,0.5128787878787879,0.503030303030303,0.5363636363636364,0.7666711343156714
POF1B---Cluster1,0.5,0.49452887537993917,0.4946172248803828,0.49390335691705556,0.5442583732057417,0.5026297763188429
PPP1R14D---Cluster1,0.5609756097560976,0.5521821631878558,0.5495495495495495,0.5477941176470589,0.5171171171171172,0.4588579309997566
PREPL---Cluster1,0.6097560975609756,0.561875,0.575,0.5582491582491582,0.6871212121212121,0.5831956064736543
PROM1---Cluster2,0.5121951219512195,0.5121951219512195,0.512677798392084,0.5075075075075075,0.5615337043908472,0.6637251658732815
PTGER3---Cluster2,0.573170731707317,0.5410628019323671,0.5568086883876358,0.5212677231025855,0.5931495405179616,0.2994157541735407
PTPN22,0.573170731707317,0.5703637447823494,0.5712560386473431,0.5700374531835206,0.6364734299516908,0.6880091132185597
PTPN7---Cluster1,0.524390243902439,0.5042042042042042,0.5050287356321839,0.4910074805029445,0.6192528735632185,0.8157103825619969
PTPRC,0.5853658536585366,0.5442176870748299,0.552689756816507,0.539021164021164,0.5490051584377303,0.7578404846780993
PTPRCAP---Cluster1,0.5487804878048781,0.5447227191413238,0.5459558823529411,0.5432786391690502,0.6102941176470588,0.6672617884819588
RASSF5---Cluster2,0.5,0.49344066785927254,0.492948717948718,0.48710907704042716,0.5371794871794872,0.7035944692365813
RCAN2,0.524390243902439,0.5143112701252236,0.5172413793103448,0.49740688354549745,0.5610632183908046,0.7925970179426337
RIPK3---Cluster2,0.5365853658536586,0.5390578413834228,0.5393393393393393,0.5363095238095238,0.6042042042042043,0.5396861399481151
RNF182---Cluster1,0.6219512195121951,0.5935990338164251,0.6209992193598751,0.5832103623544844,0.678376268540203,0.44001451845368844
RORC---Cluster1,0.6463414634146342,0.6153381642512077,0.6595655806182121,0.6033361134278565,0.7059314954051796,0.3959828732619943
RPL39L---Cluster1,0.6097560975609756,0.5396491228070175,0.5396491228070175,0.5396491228070175,0.5775438596491228,0.3695243041455098
RUNX1,0.5121951219512195,0.5107142857142857,0.5108695652173914,0.5095693779904307,0.5404589371980676,0.629420485118348
S100A14,0.6097560975609756,0.5987987987987988,0.6040480708412397,0.5980392156862745,0.5787476280834914,0.4518339344538189
SCN3B---Cluster1,0.4878048780487805,0.47607655502392343,0.4735449735449735,0.4675324675324675,0.544973544973545,0.3857211263612098
SDCBP2,0.5365853658536586,0.5380952380952381,0.538647342995169,0.5354800238521169,0.6008454106280193,0.5304904436709605
SEPT1,0.5487804878048781,0.5283816425120773,0.5316498316498316,0.5231808895175232,0.591919191919192,0.7658389826906726
SERPINF2---Cluster1,0.5609756097560976,0.5543543543543543,0.555015197568389,0.5543478260869565,0.5458966565349544,0.4374457765372638
SFN---Cluster1,0.5487804878048781,0.5404589371980677,0.5407294832826748,0.5405118885355142,0.613981762917933,0.718233882376544
SIM1,0.5121951219512195,0.5062611806797853,0.5066413662239089,0.5015197568389058,0.5154965211891208,0.4921824564784761
SLA,0.5975609756097561,0.5975609756097561,0.6084656084656085,0.5871853546910755,0.6144179894179894,0.7619351492188927
SLAMF7---Cluster1,0.5487804878048781,0.5483005366726297,0.5482142857142858,0.5481757259865971,0.5916666666666667,0.5774221884058348
SLC10A2,0.5853658536585366,0.5442176870748299,0.552689756816507,0.539021164021164,0.5939572586588062,0.8064468040396484
SLC16A11,0.573170731707317,0.5240354206198609,0.5272988505747127,0.5212677231025855,0.5567528735632183,0.3202894304357502
SLC16A5---Cluster1,0.573170731707317,0.5803140096618358,0.5798798798798799,0.5731072437899747,0.5867867867867868,0.6500691193823741
SLC17A1---Cluster1,0.6585365853658537,0.6354166666666667,0.6461640211640212,0.6369386464263125,0.7083333333333334,0.49810524797927963
SLC17A2,0.5,0.5,0.5,0.48710907704042716,0.4927248677248677,0.6332777253862331
SLC1A7,0.6463414634146342,0.6485507246376812,0.646341463414634,0.645021645021645,0.6335514574657941,0.6144567339318299
SLC34A2---Cluster1,0.6463414634146342,0.629483282674772,0.6365384615384615,0.6304584304584304,0.6548076923076923,0.4986651511706557
SLC44A4,0.5487804878048781,0.5297872340425531,0.5314102564102564,0.5285159285159284,0.5705128205128206,0.4363427362943722
SLC46A3---Cluster1,0.5853658536585366,0.5398176291793313,0.5651741293532337,0.5108771929824562,0.6338308457711443,0.36011408799080474
SLC5A12,0.5975609756097561,0.5964285714285715,0.5972972972972973,0.5960591133004927,0.6498498498498497,0.5959503858148478
SLC6A18,0.6097560975609756,0.6064400715563506,0.6085106382978723,0.606006006006006,0.5848024316109421,0.605244457778251
SLC6A19,0.6463414634146342,0.6496720333929636,0.6515700483091788,0.6458674609084141,0.71256038647343,0.6153594560017029
SLC6A3,0.6707317073170732,0.6287499999999999,0.6518054532056006,0.6306922435362803,0.6234340456890199,0.35379872793584105
SLFN12,0.5365853658536586,0.5322966507177034,0.5326086956521738,0.5321321321321322,0.5434782608695652,0.45405510135436156
SLPI---Cluster2,0.5975609756097561,0.4956896551724138,0.4953161592505855,0.4946778711484594,0.4254488680718189,0.6855697701087334
SNTB1---Cluster1,0.6585365853658537,0.655952380952381,0.6637500000000001,0.6533816425120773,0.6928125,0.7478845938424227
SNX33,0.6341463414634146,0.5705128205128205,0.5887096774193548,0.5684210526315789,0.6532258064516129,0.37354854417591726
SOX8,0.6341463414634146,0.5899814471243043,0.6135831381733021,0.5858585858585859,0.613583138173302,0.3159761813790037
SP140---Cluster1,0.6463414634146342,0.638157894736842,0.6461100569259962,0.6372234935163998,0.6552814674256798,0.7733730490581523
SPON1,0.5609756097560976,0.5783492822966507,0.5992424242424242,0.5435992578849722,0.5613636363636364,0.7685270868573035
SRPX2---Cluster1,0.5853658536585366,0.5885885885885886,0.5879546809779368,0.5851190476190475,0.6010733452593918,0.5918432970871595
SULT1C4,0.6829268292682927,0.6803571428571429,0.6893750000000001,0.6781400966183575,0.719375,0.6673171345889823
SYK---Cluster3,0.5853658536585366,0.5833333333333333,0.5857843137254902,0.5813813813813813,0.6375612745098039,0.5990215713092177
TAGAP---Cluster2,0.5853658536585366,0.5839285714285715,0.5851449275362319,0.5831339712918662,0.592391304347826,0.5585382015389394
TCN2,0.6097560975609756,0.6071428571428572,0.6125,0.6038647342995169,0.716875,0.6468150249799379
THRSP,0.6097560975609756,0.5808823529411764,0.5906593406593407,0.5794871794871795,0.6160714285714286,0.8022904514462107
TM4SF18,0.6707317073170732,0.5993589743589743,0.6402714932126696,0.5973813420621932,0.6696832579185521,0.3242466574153755
TM4SF19---Cluster1,0.6829268292682927,0.6894894894894895,0.6894894894894895,0.6829268292682927,0.6594594594594596,0.5729209278166063
TMEM149,0.6097560975609756,0.5794681508967223,0.5865319865319865,0.5794871794871794,0.6437710437710438,0.7810252230426212
TMEM173,0.5487804878048781,0.5488095238095239,0.5487804878048781,0.5487133720065448,0.5591909577632361,0.539990470082674
TMEM200A,0.5487804878048781,0.5464285714285715,0.5482374768089053,0.5432786391690502,0.6193568336425479,0.7155483346040349
TMEM25---Cluster1,0.7317073170731707,0.7065217391304348,0.759090909090909,0.7065712426805465,0.6954545454545455,0.46671261838995604
TMEM92---Cluster2,0.5121951219512195,0.5196428571428571,0.53125,0.46649316851008454,0.5189393939393939,0.24684846371680857
TNFAIP8L2---Cluster2,0.5365853658536586,0.5365853658536586,0.5400130123617437,0.5264437689969605,0.6031229668184775,0.7497005307644816
TNFRSF9,0.5,0.4762917933130699,0.4742063492063492,0.4716328775734716,0.5261243386243386,0.6879373092712432
TNFSF8,0.5487804878048781,0.5487804878048781,0.5525641025641026,0.5405118885355142,0.5878205128205128,0.731938149603367
TOB1---Cluster2,0.7073170731707317,0.6561533704390847,0.7285067873303167,0.6547368421052631,0.758371040723982,0.37948355401406564
TRAK1---Cluster1,0.5609756097560976,0.5258358662613982,0.5331772053083528,0.5119047619047619,0.6268540202966433,0.8324568734978703
TSPAN8,0.5853658536585366,0.5640096618357487,0.5728021978021978,0.5591397849462365,0.5350274725274725,0.6825016272368157
TSPYL5---Cluster2,0.573170731707317,0.5654654654654655,0.5667892156862745,0.5653490837498107,0.5582107843137255,0.48379040586943356
UGT3A1---Cluster1,0.5853658536585366,0.5760869565217391,0.5772058823529411,0.57629179331307,0.6004901960784313,0.5672696226436896
UPK1B---Cluster1,0.5,0.4909420289855072,0.4908814589665653,0.49083749810692107,0.5003039513677812,0.4349904579330989
VNN1---Cluster1,0.573170731707317,0.5726190476190476,0.5727489564698867,0.5725986597170514,0.5754323196183662,0.6369242874893037
VNN2---Cluster1,0.4268292682926829,0.42619047619047623,0.42605843768634466,0.42606105733432614,0.39117471675611215,0.4705104661806787
VTN---Cluster2,0.5365853658536586,0.5537537537537538,0.5602693602693603,0.5295893719806763,0.5831649831649832,0.4135651330555334
WAS,0.6097560975609756,0.59688995215311,0.6112637362637363,0.5900000000000001,0.6304945054945055,0.7788933142075359
WBP2NL---Cluster1,0.5487804878048781,0.5102657004830918,0.5169154228855721,0.4735380878014923,0.5960199004975125,0.24107340576794273
WIPF1,0.4268292682926829,0.3917748917748918,0.38425925925925924,0.3865987585548305,0.4060846560846561,0.6722350864020954
WISP3---Cluster1,0.524390243902439,0.533816425120773,0.5340425531914894,0.5243195002231147,0.5963525835866262,0.6715046407165539
XDH,0.6097560975609756,0.6089285714285715,0.6094497607655502,0.6088252832438878,0.6345693779904306,0.6398279000032878
XK---Cluster1,0.5853658536585366,0.5938995215311005,0.598125,0.5831339712918661,0.629375,0.6139081722641807
XKR6---Cluster1,0.524390243902439,0.49756838905775075,0.49725274725274726,0.4910074805029444,0.5350274725274725,0.3885159633124714
ZBED2---Cluster1,0.5487804878048781,0.5516717325227963,0.5505952380952381,0.5470965815793403,0.6428571428571428,0.6984871710490173
ZBTB32---Cluster1,0.6219512195121951,0.6219512195121951,0.6314102564102564,0.6150234741784038,0.6198717948717949,0.7063379759826895
ZFP37---Cluster1,0.6097560975609756,0.5547309833024119,0.5800904977375565,0.5396491228070176,0.6796380090497738,0.3493387088744283
ZNF132,0.6707317073170732,0.6372549019607843,0.6650700073691967,0.6369896704377767,0.7015475313190862,0.4658223028102554
ZNF134,0.573170731707317,0.553921568627451,0.5556609740670462,0.554001554001554,0.48513598987982287,0.39205031370214644
ZNF135,0.6829268292682927,0.6654654654654655,0.6933333333333334,0.6628716002530044,0.6589473684210527,0.3986842077971804
ZNF154---Cluster1,0.6219512195121951,0.6298309178743962,0.6291291291291292,0.6218949873568347,0.645045045045045,0.6325814111637569
ZNF280B,0.6219512195121951,0.6214285714285714,0.6216457960644007,0.6214445271779598,0.6058437686344664,0.5690099476373113
ZNF415,0.6707317073170732,0.6286764705882353,0.6754385964912281,0.6236613972463029,0.681704260651629,0.3339305520898515
ZNF501---Cluster1,0.573170731707317,0.5437689969604863,0.5517241379310345,0.5367231638418078,0.5007183908045978,0.35420338582065386
ZNF502,0.6219512195121951,0.5649350649350648,0.5994318181818181,0.5488908606921029,0.5823863636363636,0.2640099076909091
ZNF542---Cluster2,0.6829268292682927,0.6519607843137255,0.6781609195402298,0.653220559531555,0.7255747126436782,0.45469872034385733
ZNF577,0.5975609756097561,0.5575980392156863,0.5733801717408276,0.5486238532110091,0.5979703356752537,0.8312462011893446
ZNF606,0.7439024390243902,0.6593915343915344,0.7398009950248756,0.6690370939842398,0.7472636815920398,0.4029380231771089
ZNF662,0.5975609756097561,0.5970238095238095,0.5971973762671436,0.5970215934475056,0.6446034585569469,0.6624546694433868
ZNF671,0.5975609756097561,0.5597826086956521,0.5985074626865672,0.5304528891202499,0.6034825870646766,0.27666034053197436
ZNF677---Cluster1,0.6341463414634146,0.5920303605313093,0.6021052631578947,0.5932539682539683,0.6105263157894737,0.40499259127225484
ZNF781---Cluster2,0.5975609756097561,0.5661764705882353,0.5757894736842105,0.5631961259079903,0.5487719298245615,0.3515738488679261
ZSCAN1---Cluster2,0.6463414634146342,0.603125,0.6215917464996314,0.6033361134278565,0.6101694915254238,0.33534753991935023
ZSCAN12---Cluster1,0.4878048780487805,0.4830917874396135,0.4832535885167464,0.48288288288288284,0.48983253588516745,0.4579939977896993
