,cluster_0,cluster_1,cluster_2,cluster_3,cluster_4
cellularity_Median,0.002097630488709322,0.00808839577782933,0.003148960162831512,0.0025671616011188362,0.0025269996478454134
cellularity_Inter_Quartile_Range,0.00699206267510959,0.008865056547715805,0.0027291307240878276,0.0018687851992719045,0.002107656038890861
cellularity_Robust_Skewness,0.004805239749731838,0.01038905442228844,0.004319662498718284,0.006653833841934821,0.003680111362147817
cellularity_Robust_Kurtosis,0.00377958394061771,0.005054248874444009,0.002238622600074397,0.001275612384111806,0.003238545461221227
cell_voronoi_area_Median,0.00828388477364212,0.008903087482001922,0.0095427701595915,0.004021744959584317,0.00637821616760498
cell_voronoi_area_Inter_Quartile_Range,0.0008399892910249796,0.004751194519483115,0.0018892290615543435,0.0010046095444118358,0.0025338790837628844
cell_voronoi_area_Robust_Skewness,0.005882598886921111,0.008652573265927397,0.004156769048004778,0.002104193777235313,0.003051752005062609
cell_voronoi_area_Robust_Kurtosis,0.002544431800298966,0.008767264059682566,0.0018382400845772273,0.0009298083607178472,0.001752208493093389
cytoplasm_background_intensity_mean_Median,0.004142221328202609,0.004678379947421221,0.0022767966111680756,0.002048011037929945,0.002330661824411666
cytoplasm_background_intensity_mean_Inter_Quartile_Range,0.0025396627412123686,0.005099623872436719,0.0025540280152135278,0.0018038190618007946,0.002251388233366636
cytoplasm_background_intensity_mean_Robust_Skewness,0.0026145586869870206,0.0036460901236691763,0.0032821346484068607,0.0030544904870654184,0.002741794837255704
cytoplasm_background_intensity_mean_Robust_Kurtosis,0.002091025268730601,0.006274047412941867,0.0033238945200325426,0.0018610796379535139,0.0041384232350894475
cytoplasm_background_intensity_sd_Median,0.00915830449576818,0.003907430683885221,0.005788201767458453,0.0007274998668286796,0.004941023689926875
cytoplasm_background_intensity_sd_Inter_Quartile_Range,0.0012793905897708086,0.006857098937641482,0.0019854707605687894,0.002210905916497544,0.0018390658175532104
cytoplasm_background_intensity_sd_Robust_Skewness,0.008466067004110596,0.0032569798339667643,0.006969170840455573,0.006331581475803575,0.006768997660911953
cytoplasm_background_intensity_sd_Robust_Kurtosis,0.00433231330824739,0.004307059120448043,0.001969866257356208,0.0029212661190327004,0.002150137162455758
cytoplasm_contrast_mean_Median,0.003200290372211203,0.004374586334802109,0.00387710674576226,0.0009655875731467142,0.0024445096027700445
cytoplasm_contrast_mean_Inter_Quartile_Range,0.006867972884971216,0.003782535979585805,0.013567001736391556,0.0038108598180065767,0.008692848717869989
cytoplasm_contrast_mean_Robust_Skewness,0.004416156302296512,0.002884785919942881,0.004613382438162523,0.0026909270165915255,0.0030943896825923055
cytoplasm_contrast_mean_Robust_Kurtosis,0.007282536571645051,0.00673202604852694,0.005625324180091667,0.0023023779612491575,0.0031579826585623745
cytoplasm_gradient_mean_Median,0.01518543125059568,0.0037549724985483208,0.016201374728738335,0.005414474552065887,0.011393633615206943
cytoplasm_gradient_mean_Inter_Quartile_Range,0.0003746086543254224,0.003938092998538883,0.001967489007214157,0.0007062174063848835,0.002771676341313119
cytoplasm_gradient_mean_Robust_Skewness,0.029817425113442576,0.01371949639207935,0.028943419252121783,0.03446371688541085,0.02697730367122625
cytoplasm_gradient_mean_Robust_Kurtosis,0.013590478108795328,0.0033261006879729436,0.007050967399750644,0.0046739184678201455,0.008661067724682009
cytoplasm_gradient_sd_Median,0.006482086695156996,0.0022009076221512834,0.007075567721268888,0.00207320295904725,0.006057592120908742
cytoplasm_gradient_sd_Inter_Quartile_Range,0.0024177809540717288,0.005919162475262165,0.006975620415333768,0.004142915941673985,0.005437688453920279
cytoplasm_gradient_sd_Robust_Skewness,0.008731715782899937,0.0037446417306109874,0.005999851173734779,0.0038386749383448092,0.005362629407680698
cytoplasm_gradient_sd_Robust_Kurtosis,0.002821263149401516,0.006441919170243446,0.0034239238700187295,0.0020934410919394944,0.00531518322159629
cytoplasm_intensity_mean_Median,0.0030019463961379477,0.0028674903528107566,0.0027527359729556033,0.0033419114903229514,0.003322332968643333
cytoplasm_intensity_mean_Inter_Quartile_Range,0.0023159026505245304,0.0025965840923630216,0.004031840846346924,0.003316518729830087,0.0018988712822652146
cytoplasm_intensity_mean_Robust_Skewness,0.0039726505156726325,0.01055995414442778,0.00252209585910589,0.0047541688508397125,0.0027121745684458983
cytoplasm_intensity_mean_Robust_Kurtosis,0.003433016657517284,0.0031055309368246227,0.0019809757429835695,0.0023250602098184854,0.002092475831660942
cytoplasm_intensity_sd_Median,0.008533975974134323,0.005113771809357066,0.006292887272320599,0.0026059885479672988,0.003801239040725047
cytoplasm_intensity_sd_Inter_Quartile_Range,0.002309882206270011,0.004373658399286798,0.004693944130002843,0.004158823105899697,0.004395652450766193
cytoplasm_intensity_sd_Robust_Skewness,0.008241974890395432,0.004367360672293506,0.009327851818166649,0.0018361392550594415,0.005280477820421347
cytoplasm_intensity_sd_Robust_Kurtosis,0.0024056456775968867,0.0019162906126783895,0.0030026894775721674,0.0027426550122866124,0.002354909162304559
cytoplasm_intensity_total_Median,0.006732186998738759,0.008099043650613874,0.006325679683496346,0.00929035205249969,0.007996166721707935
cytoplasm_intensity_total_Inter_Quartile_Range,0.015375685113181919,0.006678272015383025,0.015746213489469096,0.024670170273578963,0.02239675272381213
cytoplasm_intensity_total_Robust_Skewness,0.002697460632072706,0.004973997343585537,0.0030406854288136864,0.0013738368976647462,0.0035559865635015598
cytoplasm_intensity_total_Robust_Kurtosis,0.00528140682140144,0.01587473804936829,0.002904351177114258,0.0039408303943968635,0.0036869243322833504
edge_length_Median,0.009627148025269464,0.005401031274080312,0.009581892114258797,0.005411523225458491,0.006617550362708309
edge_length_Inter_Quartile_Range,0.007152633945412378,0.006608691373195049,0.0059097055102941085,0.0018030990724535578,0.004545389126160826
edge_length_Robust_Skewness,0.0010177449325071799,0.010498283920410863,0.0028121901140605917,0.0018545304033942855,0.0012601845800711063
edge_length_Robust_Kurtosis,0.0028612287124980627,0.012444425604089877,0.0029208422902835323,0.0002848772347570427,0.002074658211613203
nucleus_area_Median,0.0017234317833980822,0.00433376417052654,0.0019993294309529437,0.0011822631635723603,0.001466245839576601
nucleus_area_Inter_Quartile_Range,0.0020049622369389002,0.0054122453847702135,0.002854873159567594,0.0014902181860925862,0.002803028822743744
nucleus_area_Robust_Skewness,0.011692503398552156,0.004178420060969288,0.009522574752245832,0.011707248227733034,0.013976931934489137
nucleus_area_Robust_Kurtosis,0.006561361039049458,0.004233710837814073,0.004280474247277764,0.0047635418063155435,0.005231144171535625
nucleus_aspect_ratio_Median,0.06324263637475475,0.013378167378114116,0.03982658218693824,0.08240208981203562,0.05599678628681997
nucleus_aspect_ratio_Inter_Quartile_Range,0.023451639778579038,0.014036371652074338,0.025267054519587256,0.022206577665662162,0.02705523841616472
nucleus_aspect_ratio_Robust_Skewness,0.008581234151264506,0.006047075749443589,0.007411766245325136,0.0018979257527385054,0.006887097359730443
nucleus_aspect_ratio_Robust_Kurtosis,0.016444932107363544,0.00849729812050938,0.021365760039209383,0.019065957510532833,0.016891823590256552
nucleus_background_intensity_mean_Median,0.010016055870014764,0.0049598132175569624,0.0035889523205435525,0.002775540223298081,0.003072096662083325
nucleus_background_intensity_mean_Inter_Quartile_Range,0.0027526332878466254,0.0037264830724689575,0.0021564978859630476,0.00230705508667515,0.001899592707997167
nucleus_background_intensity_mean_Robust_Skewness,0.008463684893954614,0.007890985031959022,0.005818549872708823,0.0037534448198414815,0.006113465764310585
nucleus_background_intensity_mean_Robust_Kurtosis,0.0023888951698100348,0.0065107324782050745,0.003124070164988751,0.003938342689819284,0.0024204033769197023
nucleus_background_intensity_sd_Median,0.0021944620627339507,0.0024294755823173002,0.003836152436534132,0.0034461963916361145,0.002522353119191383
nucleus_background_intensity_sd_Inter_Quartile_Range,0.005195148841183926,0.00277578639118017,0.00882073121117865,0.0023141444203242235,0.005939122122729392
nucleus_background_intensity_sd_Robust_Skewness,0.0010901364504851444,0.0034844701747392833,0.0017292632128325701,0.0033497248795702488,0.001658277889907179
nucleus_background_intensity_sd_Robust_Kurtosis,0.00263012591433867,0.0073219866971448834,0.0033933507837306883,0.0006289627645672147,0.0025476716666330717
nucleus_bending_energy_s1_mean_Median,0.0065240696014629476,0.004859098226242806,0.002985796551251346,0.00340749778005213,0.0035299952063841187
nucleus_bending_energy_s1_mean_Inter_Quartile_Range,0.002649923201595406,0.0023031019578526307,0.002666987760878061,0.0025087872903333075,0.002437478882312794
nucleus_bending_energy_s1_mean_Robust_Skewness,0.00603147207933386,0.0042003984038386614,0.003877445969504758,0.004015390902894991,0.005914126042998244
nucleus_bending_energy_s1_mean_Robust_Kurtosis,0.005400141858294424,0.004728853985827532,0.00464746575090623,0.0052700767306648084,0.004888504307483044
nucleus_contrast_mean_Median,0.00415693920146654,0.0074154827163449115,0.0031049177905411777,0.004709641636751999,0.0027990366495324864
nucleus_contrast_mean_Inter_Quartile_Range,0.001348332925414965,0.0027271204530964167,0.002944377148176696,0.0008433389056376784,0.0024658767350445275
nucleus_contrast_mean_Robust_Skewness,0.0007085173118485041,0.007074601583023317,0.002819076550002082,0.005155225356328007,0.0032658390881408353
nucleus_contrast_mean_Robust_Kurtosis,0.005491156672513003,0.005425350656948835,0.009133135363867947,0.008278941417326928,0.011690782042038342
nucleus_curvature_s1_sd_Median,0.021131219590320213,0.006206735803151485,0.019873368615205854,0.028203460024187225,0.026030617209939766
nucleus_curvature_s1_sd_Inter_Quartile_Range,0.0012027871629178434,0.0038942463598981773,0.002318849992798836,0.004530517891994774,0.0024314024990496714
nucleus_curvature_s1_sd_Robust_Skewness,0.004588469127151948,0.0047015825067137,0.004587408690887244,0.004737816568990265,0.0055378230598546714
nucleus_curvature_s1_sd_Robust_Kurtosis,0.004680581990510458,0.007326896154114773,0.006115377008994199,0.0045277479151869335,0.0042974791487782014
nucleus_deviation_from_polygon_convexity_Median,0.0,0.0,0.0,0.0,0.0
nucleus_deviation_from_polygon_convexity_Inter_Quartile_Range,0.0,0.0,0.0,0.0,0.0
nucleus_gradient_mean_Median,0.0014314162898455619,0.00355680493539768,0.002820990905075844,0.0011702763513820084,0.0021600259215456045
nucleus_gradient_mean_Inter_Quartile_Range,0.004688473293342582,0.0014962192419692353,0.004810457699123477,0.0054935524863802,0.005349191313554937
nucleus_gradient_mean_Robust_Skewness,0.008255131565557796,0.0028081835349094836,0.010143647190999822,0.012121487886464874,0.009447900763731722
nucleus_gradient_mean_Robust_Kurtosis,0.0022924270586831873,0.004608672375989813,0.0023389948379805197,0.0008152958482018235,0.0017462458075412426
nucleus_gradient_sd_Median,0.0011235056084897422,0.0028108671652480486,0.004177885374535823,0.0063022333151865305,0.00347198360819961
nucleus_gradient_sd_Inter_Quartile_Range,0.0020454403174703538,0.006334136252410515,0.0025502828625193707,0.001023291298081583,0.0029058799669675075
nucleus_gradient_sd_Robust_Skewness,0.0035999830798066723,0.004414915996219518,0.0034883192213487116,0.004964969008042979,0.0019514149752401626
nucleus_gradient_sd_Robust_Kurtosis,0.0014008375453930997,0.0019557371627151356,0.004185155527587415,0.0036714813793530966,0.003981852830262426
nucleus_intensity_mean_Median,0.006290796867254815,0.006183762728383668,0.003996273089098256,0.0025573750829906484,0.0028417071831287324
nucleus_intensity_mean_Inter_Quartile_Range,0.0037275983015171953,0.0035684080947756703,0.0041437957419737945,0.0033420939492159697,0.00297152641978862
nucleus_intensity_mean_Robust_Skewness,0.006396284845023806,0.009119158736595731,0.0071460733031965835,0.014341709710837813,0.00879833985758765
nucleus_intensity_mean_Robust_Kurtosis,0.0039623649624812305,0.010924255485355376,0.0030943949376073168,0.0019132740648169872,0.0031256275999726785
nucleus_intensity_sd_Median,0.003515736423951023,0.0008061514631305334,0.0023115310635916787,0.0021153913119830196,0.0016953934188588204
nucleus_intensity_sd_Inter_Quartile_Range,0.0019624294621645322,0.005179365069360218,0.0028776069890423554,0.0021058314621152123,0.00516887985002143
nucleus_intensity_sd_Robust_Skewness,0.004336165931001506,0.009278067396622739,0.004720094039470349,0.002988822697974009,0.003277489844190956
nucleus_intensity_sd_Robust_Kurtosis,0.0025725980120542076,0.003967188839523835,0.004972119661862038,0.0046415616727117385,0.00333994016068628
nucleus_intensity_total_Median,0.0096593266903296,0.0035611993461155036,0.0034527571336091774,0.004899522478821144,0.0029632793562432225
nucleus_intensity_total_Inter_Quartile_Range,0.011011486658662396,0.002928632826197371,0.008355242952650993,0.00819111829627699,0.005734817457282401
nucleus_intensity_total_Robust_Skewness,0.006819931578760247,0.0027348060518342897,0.007981211788703315,0.0036118807821858365,0.015448053373407915
nucleus_intensity_total_Robust_Kurtosis,0.004376861608851161,0.0043969920017589825,0.007088752764597867,0.01249775062521122,0.009282711295343964
nucleus_major_axis_Median,0.0012412731808040401,0.0016316887496166893,0.0008478968454157782,0.002314571751305251,0.0017579392084075686
nucleus_major_axis_Inter_Quartile_Range,0.020678902206914734,0.0015566834862755557,0.014647399786385018,0.023081523622357887,0.02090435002944899
nucleus_major_axis_Robust_Skewness,0.003433587324526973,0.0019488963280952616,0.0009514371428912803,0.0010218254141037858,0.0010660778171282888
nucleus_major_axis_Robust_Kurtosis,0.0005737585655095708,0.006218172817528534,0.0018113891130186258,0.003966139741608141,0.00201045487000124
nucleus_max_curvature_s1_Median,0.04125035548623436,0.00527735838138194,0.031906869948093705,0.03946974030426473,0.03543929402497944
nucleus_max_curvature_s1_Inter_Quartile_Range,0.011223975406093331,0.0043969440711916115,0.006275375790405293,0.006267993085114495,0.004951171858979166
nucleus_max_curvature_s1_Robust_Skewness,0.002362250274228024,0.009198101148355935,0.0032978027588938326,0.0006412532738181384,0.003927102818853658
nucleus_max_curvature_s1_Robust_Kurtosis,0.03894436994157394,0.011123228715954945,0.03454731881861465,0.021168606645324543,0.030931464197601427
nucleus_minor_axis_Median,0.0006738220846055405,0.0009344203633413346,0.00045930382133198484,0.0005241593568767132,0.0005181337514528241
nucleus_minor_axis_Inter_Quartile_Range,0.000582381479694844,0.0010934553039835119,0.0006800857651489032,0.0006516896148722573,0.000674944469021217
nucleus_minor_axis_Robust_Skewness,0.0008952089614307779,0.0005971778105041234,0.000687619117243313,0.0006784473468519164,0.0004901951612239889
nucleus_minor_axis_Robust_Kurtosis,0.0011221673745500488,0.0021411311981044804,0.002320085465901388,0.0013389904025050455,0.002004976904226421
nucleus_orientation_Median,0.0023353189113962513,0.004257231810586856,0.005137298934084157,0.0026708762756995127,0.005433499781097901
nucleus_orientation_Inter_Quartile_Range,0.0008414130944286841,0.00670485159866528,0.0028703505379666745,0.0029143222127095704,0.001755144113021566
nucleus_orientation_Robust_Skewness,0.003532475169842956,0.005128167064797207,0.002671296612691965,0.003615589660382939,0.00274472260037522
nucleus_orientation_Robust_Kurtosis,0.0027301532245357545,0.005735383782600331,0.0035481032222281334,0.0018100912194623704,0.0023909522724566154
nucleus_perimeter_Median,0.0008846545122164004,0.0012890705312020379,0.0008777921512688413,0.00017311558970076462,0.0013241851154920444
nucleus_perimeter_Inter_Quartile_Range,0.011810907054285865,0.00184285347488918,0.005220320455244644,0.007930111049898122,0.010439026038393057
nucleus_perimeter_Robust_Skewness,0.000936861585692449,0.005408856938193851,0.0017087837556307146,0.00028451679950900063,0.0017684794593308987
nucleus_perimeter_Robust_Kurtosis,0.0009173396865630026,0.00598982390083245,0.002010148718303962,0.003042190359142497,0.0008822045702380246
nucleus_texture_feature_0_mean_Median,0.00036296525038897223,0.0022127662628168483,0.0023563434104185627,0.0047041709535988775,0.0019439905198769035
nucleus_texture_feature_0_mean_Inter_Quartile_Range,0.0017325907685116,0.0029257234514842695,0.002415394494973512,0.0006722344302221051,0.0019864115042198607
nucleus_texture_feature_0_mean_Robust_Skewness,0.00742448607528065,0.006316691675715389,0.010383784012350678,0.008813875850939703,0.007731143073155436
nucleus_texture_feature_0_mean_Robust_Kurtosis,0.0005597125056629387,0.003178666235624441,0.0016843543460008557,0.0030772145921827954,0.0019072511312844703
nucleus_texture_feature_0_sd_Median,0.0019186795395663666,0.002778550039898006,0.002851713804567924,0.0012010218798329864,0.0019192557885654566
nucleus_texture_feature_0_sd_Inter_Quartile_Range,0.000956163632907289,0.0013356413096024633,0.001965912957945091,0.0026686635139076985,0.0019443217515851183
nucleus_texture_feature_0_sd_Robust_Skewness,0.00450279216563289,0.004097763058183207,0.0035982214516260694,0.0048965089722521,0.00378112733846859
nucleus_texture_feature_0_sd_Robust_Kurtosis,0.0007545892361422593,0.0026637381376430143,0.0019499825177643254,0.0016922330129276117,0.0021461646054480098
nucleus_texture_feature_1_mean_Median,0.0018883025674611463,0.0034646462193576484,0.0024393129537491442,0.002545198768329978,0.002172908300437385
nucleus_texture_feature_1_mean_Inter_Quartile_Range,0.001352944873333107,0.0022994221496803018,0.0031439263691442326,0.001243016479940942,0.002795649483956961
nucleus_texture_feature_1_mean_Robust_Skewness,0.013988196294372889,0.0024023239987723253,0.008188527807500144,0.01027911171470341,0.013011778280704041
nucleus_texture_feature_1_mean_Robust_Kurtosis,0.0010865703650295758,0.0036840156720262217,0.0022987486832710697,0.0018851806994347282,0.0017346946105320554
nucleus_texture_feature_1_sd_Median,0.0021155413848512037,0.0018678766163920204,0.0021154779994003252,0.0019521502513615318,0.0031162475450014714
nucleus_texture_feature_1_sd_Inter_Quartile_Range,0.0017713605109386107,0.0025376804973381755,0.0020010845145532314,0.0009893634542545052,0.002099434463034054
nucleus_texture_feature_1_sd_Robust_Skewness,0.009074212144679177,0.004204184752169003,0.008029955359806513,0.005900134752582767,0.006679741728034477
nucleus_texture_feature_1_sd_Robust_Kurtosis,0.00038346867683804463,0.0050476799431414835,0.002516010841749926,0.0016071690241655145,0.002302264069359148
nucleus_texture_feature_10_mean_Median,0.0012704333424900665,0.004574250143621713,0.001919036566495752,0.002465125667861731,0.0037063999696232437
nucleus_texture_feature_10_mean_Inter_Quartile_Range,0.0005684380341438822,0.003728289869856742,0.004961919069689353,0.0021044666911343903,0.004617437237140661
nucleus_texture_feature_10_mean_Robust_Skewness,0.0016296034866801466,0.007566341252616867,0.001879673761453004,0.0015499133198387694,0.0018439628136704303
nucleus_texture_feature_10_mean_Robust_Kurtosis,0.0011605206779630843,0.008226283353686992,0.0026937936040921594,0.003773167615686714,0.001917680191484544
nucleus_texture_feature_10_sd_Median,0.001419653177446416,0.002258702226029296,0.0026282227906770693,0.0006754586309609828,0.0038009151831414636
nucleus_texture_feature_10_sd_Inter_Quartile_Range,0.002702142899289826,0.004003047774965938,0.004259690098297401,0.003329293627240669,0.0018867519392818824
nucleus_texture_feature_10_sd_Robust_Skewness,0.001070234244547648,0.0029552038074130917,0.0019689873053067046,0.0007105761341912678,0.002235304009491347
nucleus_texture_feature_10_sd_Robust_Kurtosis,0.0025413556685221182,0.00568774932738307,0.001466321244406189,0.0008912137200556626,0.0016540427693203664
nucleus_texture_feature_11_mean_Median,0.001794791977720031,0.0020932527592847756,0.0016614383195620852,0.0012033292882239225,0.003274418511347617
nucleus_texture_feature_11_mean_Inter_Quartile_Range,0.002530305516660748,0.002526124039168582,0.003852002165415452,0.0056944465420569745,0.0031599763983623094
nucleus_texture_feature_11_mean_Robust_Skewness,0.002168843542468085,0.004200318939202446,0.001950542915282426,0.0023793939182003027,0.0018365169814206293
nucleus_texture_feature_11_mean_Robust_Kurtosis,0.0010239846940544675,0.002151757266707661,0.002105348615521549,0.004424498066032849,0.0016832203481895835
nucleus_texture_feature_11_sd_Median,0.0045754761549164,0.0023758183049511308,0.0023102461318660382,0.0010621166571926283,0.0024478633187255345
nucleus_texture_feature_11_sd_Inter_Quartile_Range,0.0006253075958003322,0.003600188292269392,0.004874278022897016,0.008331407436552463,0.004919249722229603
nucleus_texture_feature_11_sd_Robust_Skewness,0.002337531888011958,0.004301255897037382,0.0018006015570819066,0.0027230839242047365,0.0018206071516235517
nucleus_texture_feature_11_sd_Robust_Kurtosis,0.001848310554989647,0.007272608422468155,0.00307855926219854,0.0022532856589919433,0.0025853963074541015
nucleus_texture_feature_2_mean_Median,0.0021635607679326295,0.0019683984366019995,0.0030857201581787025,0.0014085519160549316,0.002471746651004148
nucleus_texture_feature_2_mean_Inter_Quartile_Range,0.0015507353758249147,0.0029705791156903988,0.0021792779745508106,0.0009455160521959342,0.0019137252065720345
nucleus_texture_feature_2_mean_Robust_Skewness,0.013090181413143514,0.004080693481716543,0.012500516653459505,0.012545116969253985,0.012831897963757489
nucleus_texture_feature_2_mean_Robust_Kurtosis,0.0008288662307976985,0.003729818636008982,0.0013865928652042907,0.0015559626039085151,0.0014577875482149648
nucleus_texture_feature_2_sd_Median,0.000872507808916248,0.004534432920290639,0.003048573875987279,0.0006657118314817728,0.002391121738586423
nucleus_texture_feature_2_sd_Inter_Quartile_Range,0.0032581701007705272,0.003609505167732715,0.0020927049582081516,0.0008535798975898073,0.0019766754838521686
nucleus_texture_feature_2_sd_Robust_Skewness,0.004542270827711929,0.00508381521684696,0.006047042753045055,0.005484929243101052,0.00470240473691368
nucleus_texture_feature_2_sd_Robust_Kurtosis,0.0005573411895646029,0.0034659130310315924,0.0021864704893575105,0.0023959297762034893,0.0013287703506024281
nucleus_texture_feature_3_mean_Median,0.001685917158168442,0.0038381512008729395,0.0018042448724511786,0.00274496974640171,0.0021745859621984578
nucleus_texture_feature_3_mean_Inter_Quartile_Range,0.0018079863427008576,0.003901033955606021,0.0022543166834955316,0.0028168915971864337,0.002283719828096543
nucleus_texture_feature_3_mean_Robust_Skewness,0.005525224623913969,0.0032372474325666305,0.008606717642569763,0.011821877465651512,0.013879304232751662
nucleus_texture_feature_3_mean_Robust_Kurtosis,0.005026776714639217,0.00400539089337195,0.006185273626960781,0.004973977894568446,0.008692949038029363
nucleus_texture_feature_3_sd_Median,0.003814351946583046,0.001691806259931872,0.005723558246094758,0.002377737869743473,0.002982581806330763
nucleus_texture_feature_3_sd_Inter_Quartile_Range,0.0021225941794867256,0.002002952469488088,0.0017235428585581666,0.0010122437956036987,0.0018788645339093332
nucleus_texture_feature_3_sd_Robust_Skewness,0.011628910878261522,0.002165636709039047,0.016032334390868697,0.01395444613122746,0.010185652067628203
nucleus_texture_feature_3_sd_Robust_Kurtosis,0.0019042246428284638,0.0060191122772202165,0.001971894782508082,0.0010345496083468547,0.0019768244064269284
nucleus_texture_feature_4_mean_Median,0.0010081618891899392,0.0032658597975331865,0.0015823134562130213,0.0006577165140238564,0.0020890254853484216
nucleus_texture_feature_4_mean_Inter_Quartile_Range,0.000789366441238422,0.004331416125632617,0.0012761871276258706,0.0019208869988664508,0.0012353105036946898
nucleus_texture_feature_4_mean_Robust_Skewness,0.0011268813723196395,0.0048350567752837095,0.001809410226457381,0.002306941435146144,0.0017659752643927392
nucleus_texture_feature_4_mean_Robust_Kurtosis,0.0011349349139821423,0.0029103795008604155,0.0018223918439902803,0.002778974974053352,0.0011355482282162522
nucleus_texture_feature_4_sd_Median,0.0004535644968314026,0.002096343740222788,0.0024396977105361566,0.0012995490780447574,0.0025130168132444708
nucleus_texture_feature_4_sd_Inter_Quartile_Range,0.0030301053047207117,0.0019655276512502303,0.0021030276576907087,0.0015079788568772002,0.0011013864991811233
nucleus_texture_feature_4_sd_Robust_Skewness,0.0018671705547622546,0.01017227529215972,0.0018926245623087274,0.0074656216446212205,0.002076197633453089
nucleus_texture_feature_4_sd_Robust_Kurtosis,0.0016687011968812048,0.003094119113222777,0.0021886104810163996,0.0040185870544760085,0.0014409358166561413
nucleus_texture_feature_5_mean_Median,0.000991792055713595,0.000685975485111776,0.0018182433474162496,0.0034784845612835795,0.0017945280598440137
nucleus_texture_feature_5_mean_Inter_Quartile_Range,0.0009749314858156144,0.0018446436877047729,0.001972133095785887,0.0012418303938418166,0.0013261591325609283
nucleus_texture_feature_5_mean_Robust_Skewness,0.0028952955807965007,0.005499225197358129,0.002527380838582479,0.004088069368008384,0.003537722177949341
nucleus_texture_feature_5_mean_Robust_Kurtosis,0.003961544109042632,0.0017046750220401261,0.002485963101124143,0.00518367393255945,0.002769550031433676
nucleus_texture_feature_5_sd_Median,0.00048023449870508895,0.0026188716271374,0.0019147116572876786,0.0017632793076641023,0.0026780863479073606
nucleus_texture_feature_5_sd_Inter_Quartile_Range,0.001528227152954022,0.0015386262923030747,0.0023145738172299624,0.0020655709516349237,0.0019328612152014768
nucleus_texture_feature_5_sd_Robust_Skewness,0.003378144411413119,0.0042189596532958215,0.0021372178938522442,0.0012901278392489163,0.0019892059642928716
nucleus_texture_feature_5_sd_Robust_Kurtosis,0.003172094828113632,0.004903792358663315,0.002503703437843524,0.0012415562059026148,0.0019583899119066947
nucleus_texture_feature_6_mean_Median,0.0024514259807305837,0.0011284806491938533,0.0025477341340770184,0.0008534347244048943,0.0017407225677640021
nucleus_texture_feature_6_mean_Inter_Quartile_Range,0.0025862821755256865,0.0017012307655208865,0.0022502404563715106,0.0012609427547830346,0.001976122938835611
nucleus_texture_feature_6_mean_Robust_Skewness,0.0023371212429709144,0.004645730865075574,0.002284662928513463,0.006143947114678514,0.0030424237954309852
nucleus_texture_feature_6_mean_Robust_Kurtosis,0.0028945657608350577,0.004241218174706658,0.0031708576365507314,0.005104183539731252,0.00343051602021311
nucleus_texture_feature_6_sd_Median,0.0023989105661811096,0.002255429840795997,0.0033967979345530448,0.0030783040628942567,0.004023538172375916
nucleus_texture_feature_6_sd_Inter_Quartile_Range,0.0020202024130333103,0.0027100729811119833,0.002954833144759015,0.00220363769726382,0.002400047911774912
nucleus_texture_feature_6_sd_Robust_Skewness,0.005994792762303034,0.006343836987715647,0.0028991065969488964,0.0013053897503218631,0.0025198803398525384
nucleus_texture_feature_6_sd_Robust_Kurtosis,7.360832346564346e-05,0.0017949099131913595,0.001692576642668306,0.001361416524453769,0.0013551813679216476
nucleus_texture_feature_7_mean_Median,0.0023801349411234165,0.0018689113785636702,0.0021961630731522595,0.0013874488957536482,0.0028191226764660514
nucleus_texture_feature_7_mean_Inter_Quartile_Range,3.238415706316179e-05,0.003180153117382992,0.0022164748406244285,0.0011798092564673252,0.0013682608639304296
nucleus_texture_feature_7_mean_Robust_Skewness,0.0041357805319270045,0.00577755267863565,0.0031544484634326566,0.009933237919509228,0.003548923816576234
nucleus_texture_feature_7_mean_Robust_Kurtosis,0.0007777983112225683,0.004345762259058618,0.002755289825618803,0.007942426913569244,0.003608565626476791
nucleus_texture_feature_7_sd_Median,0.003671608007422742,0.0022155874682044598,0.0034843655823475752,0.0038124200378486873,0.005830013309248819
nucleus_texture_feature_7_sd_Inter_Quartile_Range,0.002845257094826266,0.0037568800894238175,0.0036462521524043526,0.0030891079388302993,0.0016820003316523906
nucleus_texture_feature_7_sd_Robust_Skewness,0.0031937488071785668,0.0036279310822233783,0.003268682305183741,0.009144520326706079,0.0030266423015706027
nucleus_texture_feature_7_sd_Robust_Kurtosis,0.0021901542480028567,0.005672999310466241,0.0023322262423022574,0.0011174813800511841,0.0016455619906648395
nucleus_texture_feature_8_mean_Median,0.0009268084477494158,0.0031251893852198105,0.0021387681774747633,0.0021068463915878527,0.001793655457194654
nucleus_texture_feature_8_mean_Inter_Quartile_Range,0.0028231680616757713,0.005097338453086941,0.002642194975696294,0.0019744588098590025,0.002354175352089717
nucleus_texture_feature_8_mean_Robust_Skewness,0.001184423632534212,0.011832217742833296,0.0014950228953929448,0.003285938173470788,0.001383241902567291
nucleus_texture_feature_8_mean_Robust_Kurtosis,0.0010229090040463022,0.0048759409187551315,0.0022780798575094256,0.00020677304921517043,0.0017984163930315823
nucleus_texture_feature_8_sd_Median,0.0021693798397665223,0.0014864482579932093,0.002900138746779577,0.0017948236756414062,0.002652754250258036
nucleus_texture_feature_8_sd_Inter_Quartile_Range,0.0008474974711515397,0.0031744983114821725,0.0034130512807594863,0.0013619787652660712,0.0019246316245076671
nucleus_texture_feature_8_sd_Robust_Skewness,0.0014427099686920536,0.00636469949161442,0.0017574221923620289,0.002256471464789663,0.0014482025274401473
nucleus_texture_feature_8_sd_Robust_Kurtosis,0.002872641199792773,0.005205853443606633,0.0028544403217217315,0.0051408708160567305,0.0026631918539478626
nucleus_texture_feature_9_mean_Median,0.000616090675477276,0.0015352289876783454,0.0014075237758395692,0.0054744437979731865,0.0024025410181060737
nucleus_texture_feature_9_mean_Inter_Quartile_Range,0.0023292123975236965,0.0031738938150740674,0.003829965707601749,0.0028281633832617577,0.003424562473834348
nucleus_texture_feature_9_mean_Robust_Skewness,0.002279001882204172,0.008469554902852755,0.0017466655167517183,0.006210764980615746,0.0019014726210951328
nucleus_texture_feature_9_mean_Robust_Kurtosis,0.0012597668255387565,0.004481412882723234,0.0015677008839598075,0.000980408823367739,0.002170787502661253
nucleus_texture_feature_9_sd_Median,0.0027402916293766135,0.0020748885290025245,0.0019996052786249363,0.005087848106950644,0.002952133166075432
nucleus_texture_feature_9_sd_Inter_Quartile_Range,0.0006880312705972633,0.0031526725770643343,0.0036687880958778617,0.0012025256347389362,0.004255040027468352
nucleus_texture_feature_9_sd_Robust_Skewness,0.0005090108370575887,0.005680604660970799,0.0015248866075932106,0.0025435580893179138,0.00204946476089827
nucleus_texture_feature_9_sd_Robust_Kurtosis,0.0037063593730853233,0.004010431025365659,0.0028820026126580725,0.0011178300614153704,0.002801733018281949
bin_1,0.004851389494466386,0.003914282935103996,0.005285267247734295,0.0038694794664988473,0.004509537039826312
bin_2,0.007466313338412862,0.007384216221928613,0.004011981529188396,0.003968051993469843,0.004172860018567573
bin_3,0.003940485924773861,0.007539233710275834,0.00551727008053342,0.0012793915096876328,0.004016887626200453
bin_4,0.008981655026983342,0.005188398110133739,0.0041242837603446625,0.011698057480972319,0.005996633489678263
bin_5,0.004286241982994232,0.0037590772909349337,0.004104380947412919,0.013711622079831724,0.005855765318602212
bin_6,0.0014383450281528238,0.002891512912327425,0.0015841156836718631,0.0003934190768783252,0.0011130289232911738
bin_7,0.005401414428476747,0.005913045030514054,0.004649855703958416,0.0034338149986626564,0.003696346469503133
bin_8,0.0034681702675368777,0.0028906626436049233,0.0030164772556515837,0.0045323318756555295,0.0048748430938389525
