,accuracy,precision,recall,f1score,AUC,AP
ABCC3---Cluster2,0.52,0.5205254515599343,0.52,0.5169082125603865,0.4992,0.572586582180972
ACN9---Cluster1,0.52,0.4857142857142857,0.4876847290640394,0.47916666666666663,0.5500821018062397,0.5422127385604287
ACTC1---Cluster1,0.64,0.4573804573804574,0.43189368770764114,0.43749999999999994,0.6046511627906976,0.923535193485237
AEBP1---Cluster1,0.4,0.38969404186795487,0.38370118845500845,0.3842364532019704,0.5738539898132428,0.6909571475021654
AGA,0.6,0.4825174825174825,0.48571428571428577,0.48024948024948017,0.3961904761904762,0.635329713593991
AGBL2,0.72,0.5873015873015872,0.6309523809523809,0.592074592074592,0.6964285714285714,0.9062865391381887
ALDH1A3---Cluster2,0.66,0.5207900207900208,0.525,0.5200451722190852,0.55,0.8464696973064301
ALDH3B1---Cluster1,0.54,0.5509031198686372,0.5503246753246753,0.5398159263705482,0.5032467532467533,0.6290351164319732
ALDH7A1,0.64,0.5333333333333333,0.5407925407925408,0.5322245322245323,0.543123543123543,0.8441502830362768
AMICA1---Cluster1,0.54,0.49479166666666663,0.4946524064171123,0.4945054945054945,0.47950089126559714,0.6761749978101049
AMMECR1---Cluster2,0.6,0.575,0.578125,0.5755517826825127,0.6336805555555556,0.4298322154043258
AMT---Cluster1,0.68,0.6149732620320856,0.6340956340956341,0.6190476190476191,0.6548856548856549,0.862347991263642
ANGPT1---Cluster2,0.44,0.41215106732348106,0.40463458110516937,0.40577249575551777,0.49376114081996436,0.33017393162542436
ANK3---Cluster1,0.74,0.5813008130081301,0.575,0.5776478232618583,0.49500000000000005,0.24710267280313486
ANKRD35---Cluster1,0.64,0.4952380952380952,0.49169435215946844,0.4755244755244755,0.5614617940199336,0.9068927786122927
ANKRD45---Cluster1,0.54,0.4826388888888889,0.4809523809523809,0.4798733604703754,0.46285714285714286,0.306285632873878
ANKRD5---Cluster1,0.66,0.5514705882352942,0.575880758807588,0.5466666666666667,0.5691056910569106,0.8221301945576079
ANKRD9---Cluster2,0.68,0.5343035343035343,0.5447154471544715,0.5337995337995338,0.6720867208672088,0.9143281322037998
AOX1---Cluster1,0.72,0.5862785862785863,0.6124661246612466,0.5920745920745921,0.7018970189701897,0.9241085877608524
APITD1---Cluster1,0.64,0.6542207792207793,0.6583333333333333,0.639423076923077,0.5883333333333334,0.4631480952440864
APOBEC3C,0.6,0.5401069518716578,0.5428571428571429,0.5404411764705882,0.5676190476190476,0.7441001669322401
APOC2---Cluster1,0.76,0.6911764705882353,0.7280701754385965,0.7023809523809523,0.7236842105263158,0.8888986271850281
AQP4,0.7,0.5974264705882353,0.6436314363143631,0.6,0.7181571815718157,0.9141633340834774
AQP5---Cluster1,0.74,0.6293859649122807,0.6375291375291375,0.6329757199322417,0.675990675990676,0.8898631345398882
ARC,0.62,0.5055147058823529,0.508130081300813,0.4933333333333334,0.7262872628726288,0.9359516990356842
ARHGEF19,0.62,0.5815972222222222,0.5837789661319073,0.5824175824175825,0.6381461675579323,0.7476513742437088
ARL11---Cluster2,0.64,0.6362179487179487,0.6416666666666666,0.6347402597402596,0.7066666666666667,0.7687045098549435
ARL4C---Cluster1,0.7,0.6691297208538587,0.7043650793650793,0.6703296703296703,0.6329365079365079,0.8059856019168041
ARMCX2,0.52,0.5227272727272727,0.5224358974358975,0.5192307692307692,0.4567307692307693,0.5025307347906027
ARSA---Cluster1,0.66,0.5845588235294117,0.5956340956340956,0.587178241864983,0.6652806652806653,0.8484003710406681
ARSD,0.58,0.5333333333333333,0.5415800415800416,0.5251017639077341,0.5135135135135135,0.7611617769006721
ATP10D,0.4,0.37351443123938877,0.37766830870279144,0.37500000000000006,0.6239737274220033,0.5169382329435852
ATP5G3,0.42,0.38961038961038963,0.3586278586278586,0.3626373626373626,0.33679833679833676,0.23289754820819916
ATP6V1G2,0.58,0.5849358974358975,0.5899830220713073,0.5757575757575757,0.599320882852292,0.48234810585781185
AVIL,0.76,0.6710526315789473,0.6710526315789473,0.6710526315789473,0.6644736842105263,0.8578057076354645
B3GNT8,0.5,0.47453310696095075,0.475,0.47456914670029426,0.5466666666666666,0.7090156920087801
BACE2---Cluster1,0.7,0.5745614035087719,0.5792540792540792,0.5765104460756634,0.4242424242424242,0.743693568829245
BAK1---Cluster1,0.68,0.5841995841995842,0.5841995841995842,0.5841995841995842,0.5405405405405406,0.7544017495309134
BATF2,0.56,0.5347222222222222,0.5333333333333333,0.533106960950764,0.5816666666666667,0.718187180253417
BEST3,0.6,0.5666666666666667,0.5735294117647058,0.5659722222222222,0.5716911764705883,0.3527528938256745
BGN---Cluster1,0.66,0.6333333333333333,0.642602495543672,0.6353496353496353,0.3404634581105169,0.31995976748878174
BLOC1S1---Cluster1,0.7,0.5466200466200466,0.55,0.5479204339963833,0.5075,0.818118053474558
BST2---Cluster1,0.76,0.6140350877192983,0.6547619047619048,0.625,0.6845238095238095,0.9174070606686653
BTBD6,0.58,0.5394088669950738,0.5526315789473684,0.5251017639077341,0.4385964912280702,0.23062457866985642
BVES,0.62,0.6200000000000001,0.6217532467532467,0.618627057406664,0.6558441558441559,0.6888344645116241
C10orf10,0.7,0.5745614035087719,0.5792540792540792,0.5765104460756634,0.289044289044289,0.6834583457085474
C10orf107,0.76,0.5850815850815851,0.6212624584717608,0.5934959349593496,0.6511627906976744,0.9281624555837653
C10orf35---Cluster2,0.6,0.5401069518716578,0.5428571428571429,0.5404411764705882,0.6095238095238095,0.7621339135612937
C10orf81,0.5,0.46434634974533107,0.46354166666666663,0.4637494637494637,0.40972222222222227,0.5594619652039761
C11orf63,0.74,0.5722610722610723,0.5922619047619048,0.5776478232618584,0.7083333333333333,0.9284111595359776
C11orf9---Cluster1,0.54,0.4963235294117647,0.49660441426146007,0.4945054945054945,0.43972835314091685,0.652958133642163
C13orf29---Cluster1,0.72,0.5862785862785863,0.6124661246612466,0.5920745920745921,0.7208672086720868,0.9317226658103122
C14orf106---Cluster1,0.7,0.5478170478170479,0.5684523809523809,0.5479204339963833,0.6785714285714286,0.9234279238330738
C15orf48,0.8,0.6785714285714286,0.65,0.6612466124661246,0.5950000000000001,0.8505438020466239
C16orf45,0.62,0.6001642036124795,0.6059027777777778,0.6006725514922238,0.6067708333333334,0.5738345503538644
C1orf135---Cluster1,0.62,0.6223832528180354,0.6217948717948718,0.6198479391756704,0.6266025641025641,0.5477252765753634
C1orf135---Cluster2,0.48,0.4074702886247878,0.372960372960373,0.38095238095238093,0.4032634032634033,0.19319379848498333
C1orf59---Cluster2,0.46,0.432088285229202,0.43333333333333335,0.43253467843631777,0.4383333333333333,0.6308662268535166
C1orf74---Cluster1,0.6,0.5246179966044142,0.5392953929539295,0.503968253968254,0.44715447154471544,0.17467371421503075
C1orf85,0.46,0.4079861111111111,0.4055258467023173,0.4065934065934066,0.4545454545454546,0.6777527926595811
C1QTNF2---Cluster1,0.44,0.4252873563218391,0.4252873563218391,0.4252873563218391,0.5582922824302134,0.46037593552105455
C1S---Cluster1,0.72,0.6285714285714286,0.6573426573426573,0.6361746361746361,0.7575757575757576,0.925569823994827
C20orf195---Cluster2,0.66,0.5855614973262032,0.6052631578947368,0.587178241864983,0.618421052631579,0.8055303437548305
C3orf15,0.72,0.525,0.5297619047619048,0.5257452574525746,0.5386904761904762,0.23931085102960103
C3orf52---Cluster1,0.4,0.3942307692307692,0.38541666666666663,0.3842364532019705,0.3263888888888889,0.5577277163810854
C4orf39,0.64,0.5533088235294117,0.5635964912280702,0.5535714285714285,0.6337719298245614,0.37675774524839634
C5orf25,0.46,0.4753694581280788,0.47500000000000003,0.45978391356542614,0.5383333333333333,0.6172026749579859
C5orf32---Cluster1,0.62,0.5187110187110187,0.5178571428571428,0.5180111618467782,0.6051587301587302,0.3423078795124809
C6orf141---Cluster1,0.66,0.571301247771836,0.6,0.5687468290208015,0.7075,0.8988417766462691
C6orf15,0.68,0.6323529411764706,0.6323529411764706,0.6323529411764706,0.6819852941176471,0.8423341831384267
C6orf57---Cluster1,0.68,0.5,0.5,0.5000000000000001,0.4125,0.19012937866867122
C7orf23,0.68,0.5595238095238095,0.575,0.5614035087719298,0.6499999999999999,0.8748275904141452
C7orf31,0.64,0.6280193236714976,0.6417112299465241,0.625,0.6131907308377896,0.7301170759997305
C7orf46---Cluster1,0.66,0.5666666666666667,0.5767543859649122,0.5687468290208016,0.4780701754385965,0.7383821564306156
C8orf38---Cluster1,0.7,0.6170634920634921,0.6226611226611227,0.619482496194825,0.7567567567567568,0.9105433355754253
C8orf79,0.72,0.5873015873015872,0.6309523809523809,0.592074592074592,0.6785714285714286,0.9256910158507906
C9orf167---Cluster1,0.5,0.4902597402597403,0.49014778325123154,0.4900040799673603,0.5106732348111659,0.6246571421453251
C9orf40---Cluster2,0.56,0.56,0.5668449197860963,0.548440065681445,0.40998217468805703,0.6550611480428664
C9orf68,0.7,0.5478170478170479,0.5684523809523809,0.5479204339963833,0.6309523809523809,0.9083230893852623
C9orf89---Cluster2,0.56,0.5331069609507639,0.5331069609507639,0.5331069609507639,0.5110356536502547,0.40828736419019585
CA3---Cluster1,0.68,0.5595238095238095,0.575,0.5614035087719298,0.53,0.8216877536483022
CACNG2---Cluster2,0.82,0.8111111111111111,0.6535087719298246,0.6810772501771793,0.6907894736842105,0.54089790040877
CALCRL,0.64,0.5322245322245323,0.5322245322245323,0.5322245322245323,0.5717255717255718,0.30669425369651615
CAP2,0.7,0.6142857142857143,0.631578947368421,0.619482496194825,0.5635964912280702,0.7769885136542414
CAPG,0.7,0.5466200466200466,0.55,0.5479204339963833,0.6724999999999999,0.9015902459924151
CARD9---Cluster1,0.84,0.7521929824561404,0.7875,0.766899766899767,0.8425,0.9561086086601043
CCDC65,0.62,0.6022727272727273,0.6122994652406417,0.6006725514922238,0.3654188948306596,0.5915554053312502
CCR1,0.56,0.541871921182266,0.5432937181663837,0.5416666666666666,0.5297113752122241,0.6445950609661102
CCR7,0.5,0.3908730158730158,0.3952380952380952,0.3929091792132103,0.4819047619047619,0.7529328691849947
CD248,0.7,0.6142857142857143,0.631578947368421,0.619482496194825,0.6710526315789473,0.8605424042615181
CD300LF,0.68,0.6649305555555556,0.6583333333333334,0.6604414261460102,0.63,0.7304748035972356
CD4,0.62,0.5552584670231729,0.5615079365079365,0.5558672276764843,0.6587301587301587,0.8453996516824172
CD44---Cluster2,0.64,0.5850694444444444,0.5972222222222222,0.5863970588235294,0.6031746031746031,0.33376864105474796
CD48,0.66,0.4883449883449883,0.48750000000000004,0.4876431585292345,0.435,0.8147071269011743
CD83---Cluster1,0.74,0.575,0.5813008130081301,0.5776478232618583,0.3170731707317074,0.7661904994204822
CD93---Cluster1,0.64,0.5081585081585082,0.5072765072765073,0.506578947368421,0.6340956340956341,0.8575727670127691
CEBPD---Cluster1,0.48,0.4860426929392447,0.48631239935587756,0.47916666666666663,0.4573268921095008,0.5251329827114104
CEBPG---Cluster1,0.42,0.40821256038647347,0.40104166666666663,0.4005787515502274,0.5260416666666667,0.3871578452855521
CHAC1---Cluster1,0.62,0.5916808149405772,0.59375,0.5924495924495925,0.5572916666666667,0.6935410645303651
CHAF1B,0.58,0.5666666666666667,0.5656814449917897,0.565936337329475,0.651888341543514,0.7562304579019359
CHI3L2---Cluster1,0.66,0.625,0.6283422459893049,0.6263736263736264,0.6470588235294118,0.7449925659312009
CHL1,0.58,0.5337301587301587,0.5288624787775891,0.525101763907734,0.567062818336163,0.7222994716117663
CHRNA9---Cluster1,0.54,0.5416666666666667,0.54,0.5353535353535354,0.6072000000000001,0.6962606031573849
CIB2,0.52,0.5112179487179487,0.5138888888888888,0.49066213921901525,0.49603174603174605,0.7161306348100448
CIITA---Cluster1,0.76,0.6140350877192983,0.6547619047619048,0.625,0.6696428571428572,0.9102609162282428
CISH,0.5,0.4666666666666667,0.464349376114082,0.4637494637494638,0.6042780748663101,0.5055007797434201
CLDN1,0.52,0.5330112721417068,0.536541889483066,0.512987012987013,0.5721925133689839,0.728983286116674
CLEC12A,0.56,0.5221674876847291,0.5280665280665281,0.5098039215686275,0.47401247401247404,0.7195238513240128
CLEC2B---Cluster1,0.62,0.5870279146141215,0.6051587301587301,0.5824175824175823,0.37896825396825395,0.7086682365772484
CLN6---Cluster3,0.72,0.5955882352941176,0.696969696969697,0.592074592074592,0.7310606060606061,0.9468159799485425
CMBL---Cluster1,0.72,0.6452762923351159,0.6899766899766899,0.6527777777777778,0.32400932400932403,0.18293712095026554
COL12A1---Cluster1,0.56,0.5249999999999999,0.5275735294117647,0.5225694444444444,0.49999999999999994,0.7661330413515541
COL6A1---Cluster2,0.58,0.5800000000000001,0.5919117647058824,0.565936337329475,0.40625,0.3210446234473109
COL8A1,0.62,0.6122994652406417,0.6022727272727273,0.6006725514922238,0.6006493506493507,0.6452441848253104
COLEC11---Cluster1,0.6,0.5404411764705883,0.5404411764705883,0.5404411764705883,0.5441176470588235,0.7390348073195102
CPA4---Cluster1,0.72,0.5625,0.5625,0.5625,0.6425000000000001,0.8949660315917449
CPA6,0.66,0.520979020979021,0.5197368421052632,0.5200451722190853,0.3837719298245614,0.7225200470791374
CROT---Cluster2,0.8,0.668859649122807,0.7291666666666667,0.6875,0.6726190476190477,0.8868294203732259
CSRP1---Cluster1,0.78,0.6944444444444444,0.7284382284382285,0.7066666666666667,0.6876456876456876,0.8793336991942837
CTSC,0.56,0.5544871794871795,0.5590277777777778,0.548440065681445,0.568576388888889,0.7048162450471189
CUL1,0.62,0.5055147058823529,0.508130081300813,0.4933333333333334,0.7073170731707317,0.9320240459331399
CYP2S1---Cluster2,0.42,0.4198717948717949,0.42000000000000004,0.41976790716286516,0.40080000000000005,0.4243971914512814
CYP7B1,0.52,0.41544117647058826,0.3991228070175438,0.4047619047619048,0.39692982456140347,0.7368951925069475
CYR61,0.54,0.5,0.5,0.4945054945054945,0.4876190476190476,0.35232407014130024
DCHS1---Cluster1,0.54,0.5515297906602254,0.5555555555555556,0.5353535353535354,0.5347222222222222,0.4799806435254126
DCTD---Cluster1,0.62,0.5124777183600713,0.5208333333333333,0.4933333333333333,0.6488095238095238,0.8944200019026022
DDX43,0.56,0.5331069609507639,0.5331069609507639,0.5331069609507639,0.536502546689304,0.6539019944216342
DEDD2---Cluster1,0.72,0.5873015873015872,0.6309523809523809,0.592074592074592,0.6607142857142857,0.9171742736150917
DEPDC1---Cluster1,0.54,0.5114942528735632,0.5128676470588236,0.5066495066495066,0.43566176470588236,0.327538571370931
DHX58,0.6,0.5829228243021347,0.5857385398981324,0.5833333333333334,0.6247877758913413,0.709020723855511
DIRAS3---Cluster1,0.7,0.65625,0.6714285714285715,0.66078697421981,0.6895238095238095,0.8656715900688794
DMBX1,0.64,0.4573804573804574,0.43189368770764114,0.43749999999999994,0.49833887043189373,0.8968529855983068
DNMT3A---Cluster2,0.62,0.5451388888888888,0.5606060606060606,0.5386109762020399,0.4755244755244755,0.7510519892717378
DOK2,0.76,0.6368563685636857,0.6177156177156178,0.625,0.6363636363636364,0.8497064809298965
DOK5---Cluster1,0.8,0.675990675990676,0.7046070460704608,0.6875,0.7046070460704608,0.8706869973201306
DPP7---Cluster1,0.74,0.5375,0.5498338870431894,0.5393338058114812,0.7009966777408638,0.9458832086446219
DSE---Cluster1,0.72,0.6121323529411764,0.6815476190476191,0.6162280701754387,0.3392857142857143,0.7628884692873195
DUSP1---Cluster2,0.66,0.520979020979021,0.5197368421052632,0.5200451722190853,0.5964912280701754,0.8534605318589291
DUSP23,0.48,0.4,0.40641711229946526,0.40257352941176466,0.42424242424242425,0.3010611568111604
EFCAB1---Cluster1,0.48,0.48,0.47771836007130125,0.4663382594417077,0.4456327985739751,0.6399075281566284
EFEMP1---Cluster1,0.8,0.6875,0.6875,0.6875,0.7474999999999999,0.9302569258042465
EFEMP2---Cluster1,0.7,0.6002710027100271,0.5734126984126984,0.5765104460756635,0.3650793650793651,0.658285805834817
EFNB2---Cluster1,0.52,0.512987012987013,0.512987012987013,0.512987012987013,0.5454545454545454,0.4890794628889771
EGLN2---Cluster1,0.5,0.49516908212560384,0.4951298701298701,0.4949494949494949,0.4464285714285714,0.526695561424618
EHD2---Cluster2,0.54,0.5049261083743842,0.5059523809523809,0.4945054945054945,0.4543650793650794,0.6822369057567716
EHD3---Cluster2,0.58,0.5106951871657754,0.5119047619047619,0.5091164095371669,0.5535714285714286,0.37374266312522775
ELL3---Cluster1,0.58,0.5525451559934318,0.5588235294117647,0.5495495495495496,0.47058823529411764,0.6999262184476702
EMILIN2---Cluster2,0.46,0.36309523809523814,0.3770053475935829,0.3688639551192146,0.34402852049910876,0.2782537377470532
EMP2---Cluster1,0.56,0.5416666666666666,0.5416666666666666,0.5416666666666666,0.5316666666666666,0.4770948168316001
EMP3---Cluster1,0.7,0.5478170478170479,0.5684523809523809,0.5479204339963833,0.6071428571428571,0.8997645130799165
ENG---Cluster1,0.62,0.5055147058823529,0.508130081300813,0.4933333333333334,0.5555555555555556,0.8716284070995963
EPHA2---Cluster1,0.8,0.675990675990676,0.7046070460704608,0.6875,0.7452574525745257,0.9272611939579867
EREG---Cluster2,0.7,0.5952380952380952,0.6118881118881119,0.6000000000000001,0.7692307692307693,0.9301528287232687
ERRFI1,0.58,0.5665584415584416,0.5696095076400679,0.565936337329475,0.66553480475382,0.5203746168941414
EYA2---Cluster2,0.5,0.5,0.5,0.49979991996798717,0.4919871794871795,0.5602402579701293
F13A1---Cluster1,0.72,0.587719298245614,0.6000000000000001,0.592074592074592,0.745,0.9260122347216198
F2RL2---Cluster1,0.68,0.6333333333333333,0.6754385964912281,0.6323529411764707,0.6754385964912281,0.8113746188385759
FAH---Cluster1,0.74,0.6048951048951049,0.6125,0.6081977094635322,0.5225,0.7753149469269771
FAIM---Cluster1,0.7,0.556910569105691,0.5460526315789473,0.5479204339963833,0.6030701754385964,0.8314967157355646
FAIM3---Cluster1,0.46,0.3958333333333333,0.3857142857142857,0.389416553595658,0.44190476190476186,0.6952437852783531
FAM111A,0.64,0.5317460317460317,0.5350877192982456,0.5322245322245321,0.6710526315789473,0.3235090128748346
FAM114A1---Cluster2,0.68,0.5721925133689839,0.6345514950166113,0.5614035087719298,0.5415282392026578,0.8867178274265841
FAM124B---Cluster1,0.66,0.6035653650254669,0.6337719298245614,0.6026180458158019,0.7171052631578948,0.8911965992159797
FAM19A3---Cluster2,0.44,0.4342948717948718,0.4288194444444444,0.4252873563218391,0.5538194444444444,0.6457820600104294
FAM3C,0.52,0.4548611111111111,0.44841269841269843,0.4485294117647059,0.4742063492063492,0.7641886025361173
FAM50B,0.72,0.6112266112266113,0.6247086247086246,0.6162280701754386,0.2937062937062937,0.7165104940577988
FAM89A---Cluster1,0.52,0.5176282051282051,0.5178571428571428,0.5169082125603864,0.5551948051948052,0.5889669469808111
FBXO17---Cluster1,0.6,0.5073529411764706,0.5087719298245614,0.503968253968254,0.5307017543859649,0.8070644327072066
FBXO4---Cluster1,0.76,0.7235772357723578,0.6571428571428571,0.6710526315789473,0.7276190476190476,0.8235663420920186
FBXO6---Cluster1,0.62,0.6416666666666666,0.6395730706075533,0.6198479391756704,0.6617405582922825,0.7024357781652285
FGF1---Cluster1,0.66,0.5666666666666667,0.5767543859649122,0.5687468290208016,0.581140350877193,0.830333147200921
FGFBP2,0.5,0.5048701298701299,0.5048309178743962,0.49979991996798717,0.42995169082125595,0.5357058671916868
FHL3---Cluster1,0.76,0.5875,0.6041666666666667,0.5934959349593496,0.6904761904761905,0.9302547956040248
FHOD1,0.54,0.4826388888888889,0.4809523809523809,0.4798733604703754,0.52,0.3396166912702686
FIBIN,0.48,0.4926108374384236,0.4926108374384236,0.48000000000000004,0.5270935960591133,0.4722898379073601
FKBP5---Cluster1,0.62,0.5713073005093379,0.5833333333333333,0.5703301673450927,0.48412698412698413,0.7037770248546256
FKBP9---Cluster1,0.76,0.5850815850815851,0.6212624584717608,0.5934959349593496,0.591362126245847,0.9070203857362562
FLNB---Cluster1,0.5,0.4270833333333333,0.4126819126819127,0.415614773258532,0.5634095634095634,0.28859167948907716
FLNC---Cluster1,0.7,0.5478170478170479,0.5684523809523809,0.5479204339963833,0.6369047619047619,0.8760562367615733
FN1---Cluster1,0.66,0.6465378421900161,0.6672794117647058,0.6427070197562001,0.6433823529411764,0.7637067911728771
FNDC3B---Cluster1,0.7,0.5952380952380952,0.6118881118881119,0.6000000000000001,0.7132867132867133,0.8930388423216571
FOXD1---Cluster1,0.56,0.5592948717948718,0.5592948717948718,0.5592948717948718,0.59375,0.6219125621062106
FOXJ1---Cluster1,0.74,0.6293859649122807,0.6375291375291375,0.6329757199322417,0.7365967365967366,0.9142134708435314
FSTL1---Cluster1,0.74,0.6496881496881497,0.6578947368421053,0.6533333333333333,0.7302631578947368,0.8613313192689355
FUCA2,0.56,0.5331069609507639,0.5331069609507639,0.5331069609507639,0.565365025466893,0.6912663041423903
FXYD1,0.74,0.6048951048951049,0.6125,0.6081977094635322,0.725,0.9155620244091529
FZD6---Cluster1,0.66,0.6011029411764706,0.6047619047619048,0.6026180458158018,0.6971428571428571,0.868904793180812
FZD7,0.68,0.5,0.5,0.5000000000000001,0.5375,0.29648409070605863
GAL3ST4---Cluster2,0.5,0.4770114942528736,0.4756944444444444,0.47456914670029426,0.47395833333333337,0.6452986976894625
GALC,0.6,0.5892857142857143,0.5916666666666667,0.5894909688013137,0.43166666666666664,0.3832063173616749
GALM,0.56,0.5221674876847291,0.5280665280665281,0.5098039215686275,0.41164241164241167,0.7354269782422731
GALNT14---Cluster1,0.52,0.4485294117647059,0.4485294117647059,0.4485294117647059,0.4871323529411765,0.3290984952540896
GALNT5---Cluster1,0.78,0.6557017543859649,0.6924119241192412,0.6684749849306811,0.7235772357723578,0.9223666792577706
GALR1---Cluster2,0.74,0.6375291375291375,0.6293859649122807,0.6329757199322417,0.6864035087719298,0.443428575781517
GAS2L3,0.58,0.5106951871657754,0.5119047619047619,0.5091164095371669,0.5813492063492063,0.31811356400965995
GBE1---Cluster1,0.54,0.4946524064171123,0.49479166666666663,0.4945054945054945,0.4618055555555555,0.6393190509784931
GBP3,0.62,0.5190476190476191,0.5219298245614035,0.5180111618467782,0.48026315789473684,0.7576647096976216
GBP4---Cluster1,0.56,0.5534804753820034,0.5507246376811594,0.548440065681445,0.573268921095008,0.6383377402527939
GCH1---Cluster1,0.54,0.55,0.5483091787439613,0.5383380168606986,0.5281803542673108,0.5787820823232213
GDF15---Cluster2,0.48,0.47435897435897434,0.4722222222222222,0.4663382594417077,0.4809027777777778,0.6119303601196204
GFPT2---Cluster1,0.52,0.515625,0.5144230769230769,0.5073891625615764,0.5096153846153846,0.5995379624930863
GHDC---Cluster1,0.52,0.41544117647058826,0.3991228070175438,0.4047619047619048,0.49561403508771934,0.8173133572022347
GNG12,0.7,0.6030701754385965,0.5977130977130978,0.6000000000000001,0.6382536382536382,0.47197191047525494
GNPNAT1,0.64,0.5821205821205822,0.5704099821746881,0.5714285714285715,0.588235294117647,0.4139276472797592
GPD1---Cluster1,0.58,0.5817307692307692,0.5821256038647343,0.5798319327731093,0.6119162640901771,0.6216227511686843
GPNMB---Cluster1,0.7,0.6139705882352942,0.6445221445221445,0.6194824961948249,0.682983682983683,0.879022593328288
GPR128,0.72,0.5873015873015872,0.6309523809523809,0.592074592074592,0.6815476190476191,0.897640269326939
GPR17---Cluster1,0.66,0.489159891598916,0.49122807017543857,0.4876431585292345,0.45175438596491224,0.7906670491726817
GPR176,0.66,0.5956340956340956,0.5845588235294117,0.587178241864983,0.6709558823529411,0.8099159322533425
GPR180---Cluster2,0.7,0.6301247771836007,0.6600877192982456,0.6357455075279262,0.6622807017543859,0.8654921447880894
GPR27,0.64,0.6000000000000001,0.6190476190476191,0.5989304812834224,0.746031746031746,0.5153690011984943
GZMB---Cluster1,0.72,0.7083333333333333,0.7,0.7028862478777589,0.7000000000000001,0.7347060619578245
H1F0,0.56,0.5606617647058824,0.5528846153846154,0.5416666666666667,0.4310897435897436,0.47268351614162957
HAND2---Cluster2,0.46,0.4594155844155844,0.46,0.45804897631473307,0.47040000000000004,0.47655284693568456
HDDC3,0.68,0.5595238095238095,0.575,0.5614035087719298,0.6174999999999999,0.27953311276201304
HERC5,0.58,0.5381944444444444,0.5392156862745098,0.5384615384615384,0.5944741532976827,0.4051340651561826
HFE,0.74,0.5396270396270396,0.5643939393939393,0.5393338058114813,0.6590909090909091,0.9369276231137953
HGF---Cluster1,0.62,0.6169871794871795,0.6198686371100164,0.6161616161616161,0.5714285714285714,0.6342297772440095
HIST1H2BH---Cluster1,0.52,0.4485294117647059,0.4485294117647059,0.4485294117647059,0.474264705882353,0.6835236065771098
HIST1H2BJ---Cluster1,0.66,0.5680147058823529,0.5862470862470862,0.5687468290208016,0.3426573426573427,0.7113549182164328
HIST1H2BK---Cluster3,0.66,0.5892857142857143,0.5857142857142857,0.5871782418649831,0.5771428571428572,0.41167701629833464
HIST1H4J,0.48,0.4787775891341256,0.48,0.4724025974025974,0.5184,0.4998114985752172
HOPX---Cluster1,0.68,0.6007130124777184,0.6317016317016317,0.6031746031746031,0.6037296037296037,0.826937135357178
HOXB9---Cluster2,0.54,0.519047619047619,0.5162337662337663,0.5066495066495067,0.5048701298701299,0.553532957448514
HOXC10---Cluster1,0.8,0.6612466124661247,0.6612466124661247,0.6612466124661247,0.29539295392953935,0.7555962518784589
HPD---Cluster1,0.8,0.584717607973422,0.584717607973422,0.584717607973422,0.6611295681063123,0.9254442546950562
HPDL---Cluster1,0.56,0.5442834138486312,0.5523809523809524,0.533106960950764,0.5714285714285714,0.7575079787592485
HPS1---Cluster1,0.62,0.5055147058823529,0.508130081300813,0.4933333333333334,0.4661246612466125,0.8301679896399893
HPS3---Cluster1,0.9,0.8392857142857143,0.8089430894308942,0.8228206945428773,0.8699186991869918,0.9678301284955613
HRASLS,0.6,0.6166666666666667,0.6136363636363636,0.5993589743589743,0.5909090909090909,0.6670425542055509
HS3ST3B1---Cluster2,0.48,0.45840407470288624,0.45977011494252873,0.45833333333333326,0.5057471264367817,0.4636116240154259
HSD17B7P2---Cluster1,0.48,0.47342995169082125,0.4729064039408867,0.4724025974025974,0.5057471264367817,0.47232360238022025
HSD3B7---Cluster1,0.46,0.46153846153846156,0.4613526570048309,0.4597839135654262,0.534621578099839,0.5972498153795056
HSPA1A---Cluster1,0.3,0.2724957555178268,0.2824675324675324,0.2765605622157916,0.6818181818181819,0.5592333053621527
HSPB2---Cluster2,0.62,0.47023809523809523,0.48095238095238096,0.46357989836250707,0.5219047619047619,0.7396335296027747
HSPB6,0.56,0.5331069609507639,0.5331069609507639,0.5331069609507639,0.5415959252971138,0.6783414681009117
HYAL2---Cluster1,0.54,0.5,0.5,0.4945054945054945,0.41904761904761906,0.6817920618812142
IFI44,0.66,0.489159891598916,0.49122807017543857,0.4876431585292345,0.49122807017543857,0.7987148264276135
IFIH1---Cluster1,0.62,0.575,0.5935550935550935,0.5703301673450927,0.5738045738045738,0.758611097715705
IFITM2,0.7,0.666383701188455,0.6801470588235294,0.6703296703296704,0.6709558823529412,0.786935140650752
IGF2BP3---Cluster1,0.54,0.5271646859083192,0.525974025974026,0.5245969408846631,0.5560064935064934,0.49383416557671134
IGFBP5---Cluster2,0.48,0.44166666666666665,0.43566176470588236,0.4357638888888889,0.5496323529411765,0.3941892899506139
IGFBP6---Cluster3,0.72,0.592074592074592,0.592074592074592,0.592074592074592,0.648018648018648,0.841978709408965
IL17B---Cluster1,0.7,0.5745614035087719,0.5792540792540792,0.5765104460756634,0.6550116550116549,0.8848333527636353
IL1R2,0.66,0.5456349206349207,0.5536130536130537,0.5466666666666667,0.5431235431235432,0.8052829860492275
IL2RA---Cluster1,0.56,0.5098039215686274,0.5098039215686274,0.5098039215686274,0.500891265597148,0.6644234221092906
IL2RG---Cluster1,0.68,0.6400679117147707,0.6571428571428571,0.64349376114082,0.64,0.4054072700276572
IL32,0.56,0.538961038961039,0.5441176470588236,0.533106960950764,0.6727941176470589,0.8075012625040667
ILVBL---Cluster1,0.58,0.553475935828877,0.55,0.5495495495495495,0.46166666666666667,0.5848806078293618
IMPACT---Cluster1,0.68,0.5496323529411764,0.6022727272727273,0.5337995337995338,0.6439393939393939,0.9250592549345207
IRAK3---Cluster1,0.64,0.506578947368421,0.506578947368421,0.506578947368421,0.493421052631579,0.7897759412682522
IRF1,0.64,0.6174055829228242,0.6274509803921569,0.6179966044142614,0.6238859180035651,0.4956588659529836
IRF7---Cluster2,0.48,0.4605475040257649,0.4490644490644491,0.43576388888888884,0.5509355509355509,0.33168700366926906
ISG20,0.62,0.5267379679144385,0.5375000000000001,0.5180111618467783,0.425,0.790205962544698
ISYNA1---Cluster1,0.7,0.5792540792540792,0.5745614035087719,0.5765104460756634,0.3728070175438597,0.6983508627565008
ITGA4,0.46,0.3713235294117647,0.36666666666666664,0.36886395511921455,0.42857142857142855,0.2643485409717294
ITGB4---Cluster2,0.6,0.45175438596491224,0.45175438596491224,0.45175438596491224,0.43859649122807015,0.25304867789108876
ITGB5,0.48,0.4583333333333333,0.4583333333333333,0.4583333333333333,0.40333333333333327,0.6290464302330254
ITGB7,0.72,0.48238482384823844,0.47840531561461797,0.47916666666666663,0.6511627906976745,0.9168687776471348
ITGBL1---Cluster1,0.64,0.5072765072765073,0.5081585081585082,0.506578947368421,0.5897435897435896,0.8603753216623837
JUP,0.46,0.4626485568760611,0.46474358974358976,0.4545454545454545,0.44871794871794873,0.4970069127707132
KCNA4---Cluster1,0.52,0.4913194444444444,0.49166666666666664,0.49066213921901525,0.44833333333333336,0.367769098255574
KCNE1L---Cluster1,0.7,0.6969439728353142,0.6883116883116883,0.6899545266639108,0.32792207792207795,0.46450182721712185
KCNE3---Cluster1,0.64,0.5523809523809524,0.5571725571725572,0.5535714285714286,0.6257796257796258,0.8464072856412339
KCNIP3---Cluster2,0.76,0.6041666666666667,0.5875,0.5934959349593496,0.6825,0.34288523976023977
KCTD4,0.66,0.5207900207900208,0.525,0.5200451722190852,0.5425,0.24863000437438681
KCTD9---Cluster1,0.72,0.6527777777777778,0.6527777777777778,0.6527777777777778,0.7003968253968255,0.8478696083128938
KDELR3---Cluster1,0.68,0.6468253968253967,0.6284722222222222,0.6323529411764706,0.625,0.7201446440843449
KIAA0040---Cluster1,0.46,0.46474358974358976,0.4626485568760611,0.4545454545454545,0.47283531409168084,0.6612075259686944
KIAA1377,0.46,0.43333333333333335,0.432088285229202,0.43253467843631777,0.466893039049236,0.3858485814173075
KLHL6---Cluster1,0.74,0.65,0.6247401247401247,0.6329757199322417,0.661122661122661,0.8413419650809837
LAMA2,0.54,0.5308441558441558,0.5311986863711001,0.5308037535699714,0.3875205254515599,0.367126046319831
LAMA4---Cluster1,0.68,0.6650246305418719,0.6706281833616299,0.6666666666666666,0.7198641765704584,0.8186365475383983
LAMC1,0.56,0.5229202037351443,0.5240641711229946,0.5225694444444444,0.44385026737967914,0.4429863482695388
LATS2---Cluster1,0.74,0.5997920997920998,0.6428571428571428,0.6081977094635322,0.6666666666666667,0.9159454445283317
LCTL---Cluster2,0.62,0.6169871794871795,0.6198686371100164,0.6161616161616161,0.35467980295566504,0.5050474151983944
LDHA---Cluster1,0.6,0.5404411764705883,0.5404411764705883,0.5404411764705883,0.5386029411764706,0.6995886560186306
LGALS1,0.56,0.5584415584415584,0.5576923076923077,0.5571658615136876,0.6217948717948718,0.6419780156294652
LGALS8,0.76,0.5037878787878788,0.5029761904761905,0.5016611295681064,0.5863095238095238,0.896041731673054
LHFPL2---Cluster1,0.68,0.580952380952381,0.5990675990675991,0.5841995841995842,0.662004662004662,0.8621537237171418
LIF---Cluster2,0.62,0.5916666666666667,0.5980392156862745,0.5924495924495924,0.6648841354723708,0.8189061790007428
LIMD1---Cluster1,0.64,0.5561497326203209,0.5734265734265734,0.5535714285714286,0.710955710955711,0.8998511570249419
LITAF,0.68,0.6031746031746031,0.6031746031746031,0.6031746031746031,0.5952380952380953,0.7898984952942589
LMCD1---Cluster1,0.78,0.6893382352941176,0.7791327913279134,0.7066666666666668,0.8048780487804877,0.9535803989943575
LMNA---Cluster1,0.5,0.4215686274509804,0.41269841269841273,0.415614773258532,0.38095238095238093,0.23772698814372967
LMO2,0.74,0.5922619047619048,0.5722610722610723,0.5776478232618584,0.43356643356643354,0.7624646874682539
LOXL2---Cluster2,0.64,0.6152597402597403,0.6408730158730158,0.609375,0.6388888888888888,0.8076005475036836
LOXL3---Cluster1,0.7,0.5761904761904761,0.6190476190476191,0.5765104460756635,0.6160714285714286,0.9017811874212316
LRRC32,0.62,0.5695187165775402,0.5716911764705883,0.5703301673450928,0.6415441176470589,0.7730765966326533
LRRC4,0.56,0.5,0.5,0.47619047619047616,0.575,0.27121918311573484
LRRC8E,0.66,0.6006944444444444,0.6205821205821206,0.6026180458158018,0.7172557172557172,0.8814893452466932
LRRFIP1---Cluster1,0.68,0.5595238095238095,0.575,0.5614035087719298,0.7125,0.9219566644241335
LUM,0.6,0.5550935550935552,0.5449915110356536,0.5404411764705882,0.49575551782682514,0.417605282869571
LXN---Cluster1,0.76,0.6547619047619048,0.6140350877192983,0.625,0.7478070175438597,0.8822262704609258
LY6E---Cluster1,0.8,0.5489130434782609,0.5267857142857143,0.5265151515151516,0.6488095238095238,0.8827494897194001
LY75---Cluster1,0.7,0.5125,0.513550135501355,0.5126705653021443,0.6720867208672087,0.9105572729550196
LYN,0.76,0.6382536382536382,0.6802168021680217,0.6503496503496504,0.2032520325203252,0.6997999587106518
LYPD5,0.54,0.5416666666666667,0.54,0.5353535353535354,0.5471999999999999,0.6637999201600249
LYSMD4,0.52,0.5147058823529411,0.5128205128205128,0.49999999999999994,0.6282051282051282,0.6396518063724695
LYZ,0.76,0.6805555555555556,0.6995614035087719,0.688149688149688,0.7675438596491229,0.9107401973985144
MAB21L1,0.68,0.6502546689303905,0.6577540106951871,0.6527777777777778,0.6292335115864527,0.7466964947231671
MAGEC2,0.52,0.5205254515599343,0.52,0.5169082125603865,0.4272,0.4775637668006713
MAGEE2---Cluster1,0.5,0.4583333333333333,0.45238095238095233,0.4505494505494505,0.4876190476190476,0.7159248523567794
MAP3K6---Cluster1,0.74,0.6889483065953654,0.7103174603174603,0.6961196820944366,0.27182539682539686,0.2043726469828362
MARVELD1---Cluster1,0.48,0.45977011494252873,0.45840407470288624,0.45833333333333326,0.4227504244482173,0.3309926045232529
MCM2---Cluster1,0.76,0.5934959349593496,0.5934959349593496,0.5934959349593496,0.7344173441734417,0.9242070003589898
MEOX2,0.72,0.6798029556650246,0.7552447552447552,0.6783088235294117,0.7715617715617715,0.9241012914068982
MESDC1---Cluster2,0.72,0.5625,0.5625,0.5625,0.7025000000000001,0.9124875093934618
MET---Cluster1,0.86,0.7142857142857143,0.739202657807309,0.7254901960784313,0.6943521594684385,0.8928341274944951
MFNG---Cluster2,0.62,0.5814940577249575,0.5882352941176471,0.5824175824175825,0.3713235294117647,0.6000962347063842
MFSD7---Cluster1,0.7,0.5745614035087719,0.5792540792540792,0.5765104460756634,0.6573426573426574,0.8592342455973078
MICB,0.66,0.5197368421052632,0.520979020979021,0.5200451722190853,0.4825174825174825,0.2282691268141131
MINA,0.62,0.6333333333333333,0.6288244766505635,0.618627057406664,0.5877616747181965,0.5276330665623359
MIPOL1---Cluster1,0.72,0.587719298245614,0.6000000000000001,0.592074592074592,0.6825,0.31362280362280365
MLH3,0.5,0.4951923076923077,0.4949066213921901,0.4900040799673603,0.5144312393887945,0.6770361846685853
MMP2---Cluster1,0.76,0.6802168021680217,0.6382536382536382,0.6503496503496504,0.6195426195426196,0.7770783803013909
MMP9---Cluster1,0.6,0.5073529411764706,0.5087719298245614,0.503968253968254,0.5219298245614036,0.7629794458940343
MOSC2,0.66,0.571301247771836,0.6,0.5687468290208015,0.6725,0.8938316090439833
MOXD1,0.54,0.5180623973727422,0.5190972222222222,0.5166036149642707,0.53125,0.6644463479443247
MPZ---Cluster1,0.54,0.46190476190476193,0.4632352941176471,0.4623655913978495,0.4577205882352941,0.6877372449732528
MR1,0.74,0.5723684210526316,0.6096345514950166,0.5776478232618583,0.7807308970099667,0.960788235432425
MRPL41,0.58,0.4370629370629371,0.4464285714285714,0.43999999999999995,0.4920634920634921,0.7602591592782967
MS4A6A,0.68,0.645320197044335,0.683991683991684,0.64349376114082,0.28482328482328484,0.6406883448709652
MT2A---Cluster2,0.72,0.6285714285714286,0.6573426573426573,0.6361746361746361,0.731934731934732,0.9084317309780321
MT3---Cluster1,0.62,0.5833333333333334,0.5952380952380952,0.5824175824175825,0.5885714285714285,0.7911472196361655
MX1,0.7,0.5734126984126984,0.6002710027100271,0.5765104460756635,0.6666666666666666,0.8985913292825642
MYBL2---Cluster1,0.78,0.6958041958041958,0.6842105263157895,0.68944099378882,0.7807017543859649,0.9058730344105227
MYO1C,0.64,0.6095238095238096,0.597623089983022,0.5989304812834224,0.6672325976230901,0.7766815323010143
N6AMT2,0.6,0.6006441223832528,0.6000000000000001,0.5993589743589743,0.6216,0.7052104344611168
NAGA---Cluster2,0.76,0.7249575551782683,0.7523809523809524,0.732620320855615,0.758095238095238,0.8397219338883727
NANP,0.62,0.62,0.6302083333333333,0.6124031007751938,0.4409722222222222,0.31684427366016765
NCAPD2---Cluster1,0.62,0.5267379679144385,0.5375000000000001,0.5180111618467783,0.4,0.7571670554678684
NCAPH---Cluster1,0.7,0.6440972222222222,0.6725571725571726,0.6493688639551192,0.6340956340956341,0.825770849052152
NCKAP1L---Cluster1,0.78,0.6056910569105691,0.6160714285714286,0.6102055279943303,0.5238095238095238,0.8416430446914043
NDUFA12---Cluster2,0.6,0.5258467023172906,0.5301455301455301,0.5238095238095237,0.4844074844074844,0.7564762658708277
NDUFS5---Cluster1,0.52,0.5324675324675324,0.5333333333333333,0.5192307692307693,0.525,0.42514558534794344
NEK11---Cluster1,0.62,0.6169871794871795,0.6198686371100164,0.6161616161616161,0.39901477832512317,0.5794372833724513
NFATC4---Cluster1,0.66,0.642602495543672,0.6333333333333333,0.6353496353496353,0.6783333333333333,0.6881898492868437
NFE2L3---Cluster2,0.54,0.5322061191626409,0.5333333333333333,0.5308037535699714,0.5416666666666667,0.6966830968264872
NHLH1---Cluster1,0.54,0.4978070175438597,0.49835796387520526,0.47987336047037543,0.44499178981937604,0.5371885008378562
NINJ1---Cluster1,0.68,0.6583333333333334,0.6649305555555556,0.6604414261460102,0.6180555555555556,0.7101665861844766
NIPSNAP3A,0.56,0.538961038961039,0.5441176470588236,0.533106960950764,0.5643382352941175,0.7230987102384713
NLGN2---Cluster1,0.62,0.5876623376623377,0.6258741258741258,0.5703301673450927,0.6317016317016317,0.3886186175371129
NLGN2---Cluster2,0.4,0.43463497453310695,0.43137254901960786,0.39903846153846156,0.34581105169340465,0.26600491986573255
NME3---Cluster1,0.66,0.5855614973262032,0.6052631578947368,0.587178241864983,0.6666666666666666,0.3892871918865816
NMI---Cluster1,0.66,0.66,0.6666666666666666,0.6565656565656566,0.6599999999999999,0.5386784312235079
NMUR1---Cluster1,0.58,0.5660225442834138,0.5753676470588236,0.5586380832282472,0.4154411764705882,0.6462524451239182
NNAT,0.64,0.4375,0.4375,0.4375,0.3375,0.7838624129361356
NNMT,0.48,0.4895330112721417,0.4889643463497453,0.47665056360708535,0.5314091680814941,0.6548353554618427
NOD1,0.6,0.599025974025974,0.5977564102564102,0.5974235104669887,0.6073717948717948,0.6334280536415133
NOTCH3---Cluster1,0.66,0.6128472222222222,0.6238095238095238,0.6155585707824514,0.6457142857142857,0.8292799690180567
NQO1---Cluster1,0.6,0.5829228243021347,0.5857385398981324,0.5833333333333334,0.5959252971137522,0.5108326816032047
NRN1---Cluster2,0.62,0.6018675721561969,0.6,0.6006725514922235,0.5883333333333334,0.4451564331541837
NUDT16---Cluster1,0.64,0.48809523809523814,0.48214285714285715,0.4755244755244755,0.5744047619047619,0.8956664393834775
NUP210---Cluster1,0.46,0.40674603174603174,0.42282430213464695,0.40659340659340654,0.46469622331691296,0.3840447390752931
OLFML2B---Cluster1,0.62,0.575,0.5935550935550935,0.5703301673450927,0.5509355509355509,0.7613370393088088
OR51E2,0.62,0.5551470588235294,0.5571428571428572,0.5558672276764843,0.5561904761904761,0.7162442269773668
P2RY2---Cluster2,0.64,0.5317460317460317,0.5350877192982456,0.5322245322245321,0.6074561403508772,0.8346635131684572
P4HA2---Cluster1,0.54,0.5225442834138486,0.5277777777777778,0.5066495066495067,0.36309523809523814,0.6252344812977921
PABPC5,0.52,0.49816176470588236,0.49837662337662336,0.49066213921901525,0.5892857142857143,0.49646825242866294
PAM,0.76,0.6140350877192983,0.6547619047619048,0.625,0.7291666666666667,0.9403781196289939
PARVA,0.52,0.5176282051282051,0.5178571428571428,0.5169082125603864,0.5275974025974026,0.5775665594658517
PARVG,0.78,0.6160714285714286,0.6056910569105691,0.6102055279943303,0.6314363143631436,0.8721247689909082
PCDHB14,0.52,0.4509803921568627,0.4476190476190476,0.4485294117647059,0.5295238095238095,0.7174909254275456
PCDHB3,0.52,0.52,0.5205254515599343,0.5169082125603865,0.5270935960591132,0.4979257818612213
PCDHB5,0.58,0.482174688057041,0.475,0.46727549467275487,0.47500000000000003,0.829198040536494
PCK2,0.52,0.49066213921901525,0.49066213921901525,0.49066213921901525,0.4499151103565365,0.3575064893130653
PCOLCE,0.72,0.5594405594405594,0.5691056910569106,0.5625,0.5745257452574526,0.8487509734959441
PDCD1LG2,0.78,0.6268191268191268,0.731060606060606,0.6426250812215724,0.625,0.8975978396792533
PDE6B---Cluster1,0.7,0.5952380952380952,0.625,0.6,0.6075,0.8256010163888506
PDE7B---Cluster2,0.6,0.5877616747181964,0.5971479500891266,0.5833333333333333,0.6524064171122995,0.5403861190429249
PDLIM3---Cluster1,0.48,0.425,0.40131578947368424,0.4025735294117648,0.5570175438596491,0.28624501927171314
PDLIM4---Cluster1,0.72,0.5257452574525745,0.5257452574525745,0.5257452574525745,0.6422764227642277,0.9107965655657437
PDLIM7---Cluster1,0.44,0.44,0.43961352657004826,0.4391025641025641,0.4428341384863124,0.43456326901452536
PEPD,0.44,0.4318181818181818,0.4318181818181818,0.4318181818181818,0.474025974025974,0.5279355233657094
PFKFB4---Cluster1,0.58,0.4430147058823529,0.39700996677740863,0.40711462450592883,0.41528239202657813,0.13635645085224918
PHKA2---Cluster2,0.52,0.4285714285714286,0.4285714285714286,0.4285714285714286,0.6247619047619047,0.7874926605143026
PHLDA2---Cluster4,0.4,0.4107142857142857,0.4083333333333333,0.3990384615384615,0.4091666666666667,0.348929032925259
PHTF1---Cluster1,0.8,0.7043189368770764,0.6433566433566433,0.6612466124661247,0.6480186480186481,0.8557631854579142
PHYH,0.58,0.55,0.553475935828877,0.5495495495495495,0.5418894830659537,0.6699252314770237
PI3,0.58,0.482174688057041,0.475,0.46727549467275487,0.46249999999999997,0.7993009582971538
PICK1,0.7,0.5175438596491229,0.526578073089701,0.5126705653021443,0.5614617940199336,0.9053419212616123
PIK3CD,0.64,0.475,0.4780701754385965,0.47552447552447547,0.4978070175438596,0.7571985221937391
PIK3CG,0.56,0.45322245322245325,0.4571428571428572,0.45436507936507936,0.4590476190476191,0.7033248999873919
PIP4K2C---Cluster1,0.68,0.5827205882352942,0.6125,0.5841995841995842,0.5675,0.8341491389152
PLA2G5---Cluster2,0.72,0.5862785862785863,0.6124661246612466,0.5920745920745921,0.6612466124661247,0.8835183994803861
PLAC8,0.66,0.4883449883449883,0.48750000000000004,0.4876431585292345,0.565,0.8745620254746583
PLAT---Cluster1,0.66,0.6477832512315271,0.6499999999999999,0.6486151302190988,0.6616666666666666,0.7676860393598972
PLAUR,0.54,0.5336538461538461,0.5374331550802138,0.5245969408846631,0.3761140819964349,0.6019570969424286
PLCB2---Cluster1,0.6,0.5257936507936508,0.5238970588235294,0.5238095238095238,0.6213235294117647,0.8021764657813379
PLEKHF2---Cluster1,0.6,0.5971479500891266,0.5877616747181964,0.5833333333333333,0.536231884057971,0.5701071537715761
PLOD2,0.68,0.677938808373591,0.677938808373591,0.677938808373591,0.6956521739130435,0.7297881098702952
PLSCR4,0.5,0.4847198641765704,0.48538961038961037,0.48325754443985114,0.43993506493506496,0.5129042704373779
PLXDC1---Cluster1,0.7,0.5727650727650728,0.5875,0.5765104460756634,0.7000000000000001,0.9027924163047942
PLXNB1---Cluster1,0.52,0.4476190476190476,0.4509803921568627,0.4485294117647059,0.5098039215686274,0.37808387769234697
PMP22---Cluster1,0.58,0.5257352941176471,0.5249554367201427,0.5251017639077341,0.5276292335115864,0.6913469152832583
PNPLA4,0.72,0.6361746361746362,0.6361746361746362,0.6361746361746362,0.7796257796257796,0.9025694810346739
POLE4,0.62,0.5916808149405772,0.59375,0.5924495924495925,0.6614583333333334,0.7447016876131234
POLR1D,0.72,0.6527777777777778,0.6527777777777778,0.6527777777777778,0.6746031746031746,0.5231108348676979
POU4F1---Cluster1,0.62,0.6059027777777778,0.6001642036124795,0.6006725514922238,0.3760262725779967,0.426350929511855
PPIA,0.74,0.6008771929824561,0.6246612466124661,0.6081977094635322,0.7018970189701896,0.905216548001101
PPIL5---Cluster2,0.78,0.7016632016632016,0.7127192982456141,0.7066666666666667,0.7171052631578947,0.8791003365830852
PRKCDBP---Cluster1,0.68,0.5343035343035343,0.5447154471544715,0.5337995337995338,0.5934959349593496,0.879768853223025
PSMA7---Cluster1,0.6,0.5401069518716578,0.5428571428571429,0.5404411764705882,0.38095238095238093,0.6815249903792636
PSMB10---Cluster1,0.7,0.5952380952380952,0.625,0.6,0.36,0.7526962235607491
PSMB2---Cluster1,0.64,0.5523809523809524,0.5571725571725572,0.5535714285714286,0.4698544698544699,0.7296222728306838
PTGFRN,0.58,0.5381944444444444,0.5392156862745098,0.5384615384615384,0.429590017825312,0.6319272022526821
PTP4A3,0.66,0.5457380457380457,0.5482456140350878,0.5466666666666667,0.5087719298245614,0.7476388776201097
PTPN14---Cluster1,0.68,0.5376984126984127,0.5565476190476191,0.5337995337995338,0.5476190476190477,0.8756227916576261
PTPN18---Cluster2,0.86,0.7142857142857143,0.739202657807309,0.7254901960784313,0.7840531561461794,0.933107073997963
PTPN9,0.82,0.6734417344173442,0.6904761904761905,0.6810772501771793,0.7321428571428571,0.9103291663385767
PTRF,0.54,0.4238095238095238,0.41228070175438597,0.4165398274987316,0.4714912280701754,0.7658983954477856
PTTG1---Cluster1,0.54,0.5246305418719212,0.525,0.5245969408846631,0.5433333333333333,0.45071353166168227
RAB27A---Cluster1,0.46,0.4079861111111111,0.4055258467023173,0.4065934065934066,0.5347593582887701,0.6848136929352941
RAB38,0.54,0.4946524064171123,0.49479166666666663,0.4945054945054945,0.390625,0.5985217288440186
RAB3D---Cluster1,0.62,0.5695187165775402,0.5716911764705883,0.5703301673450928,0.6801470588235294,0.8531229666807484
RAB42,0.82,0.6625000000000001,0.7159468438538206,0.6810772501771793,0.7774086378737541,0.959049012687567
RAC2,0.72,0.5691056910569106,0.5594405594405594,0.5625,0.6247086247086248,0.862285290939073
RARG---Cluster1,0.54,0.5211038961038961,0.5231729055258467,0.5166036149642708,0.5347593582887701,0.6676007370123138
RARRES1---Cluster1,0.82,0.7168021680216803,0.7,0.7076023391812866,0.7775000000000001,0.935538281277237
RARRES3,0.78,0.5986842105263157,0.7,0.6102055279943303,0.711111111111111,0.9566663844404314
RASSF1---Cluster3,0.6,0.4825174825174825,0.48571428571428577,0.48024948024948017,0.46285714285714286,0.6729728946607241
RBMS1---Cluster2,0.68,0.575,0.5595238095238095,0.5614035087719298,0.5853174603174603,0.4840510633146219
RCAN2,0.54,0.41476091476091476,0.4186507936507936,0.4165398274987316,0.4186507936507936,0.6895560812207383
RCN3---Cluster2,0.7,0.6305147058823529,0.6476091476091477,0.6357455075279261,0.6299376299376299,0.7908849597781714
RELN,0.74,0.6375291375291375,0.6293859649122807,0.6329757199322417,0.5679824561403509,0.4925011291779584
RFESD,0.7,0.5478170478170479,0.5684523809523809,0.5479204339963833,0.2589285714285714,0.7776510210439256
RGS16---Cluster1,0.58,0.525,0.534965034965035,0.5091164095371669,0.6503496503496504,0.8790246587933098
RHOQ---Cluster1,0.64,0.48232848232848236,0.47696476964769646,0.47552447552447563,0.6476964769647696,0.9163924684494734
RIN1---Cluster1,0.88,0.7749999999999999,0.8273809523809523,0.7967479674796747,0.8690476190476191,0.9617873848724597
RLBP1,0.64,0.567062818336163,0.6070460704607046,0.5535714285714286,0.6585365853658537,0.8986338983564828
RNASE1---Cluster1,0.54,0.44669117647058826,0.43970893970893976,0.44147644487615345,0.5197505197505198,0.7710698516709094
RNASE4---Cluster1,0.66,0.5933786078098472,0.6375,0.587178241864983,0.7150000000000001,0.9223220413780486
RNF149---Cluster1,0.66,0.5197368421052632,0.520979020979021,0.5200451722190853,0.5361305361305362,0.2829413724851779
ROD1---Cluster1,0.54,0.44999999999999996,0.46604414261460103,0.44147644487615345,0.4227504244482173,0.35716234539651043
RRAD---Cluster1,0.68,0.580952380952381,0.5990675990675991,0.5841995841995842,0.6573426573426573,0.8743601730146161
RRAS---Cluster2,0.62,0.5916666666666667,0.5980392156862745,0.5924495924495924,0.5311942959001783,0.4048190687411502
S100A11,0.66,0.49122807017543857,0.489159891598916,0.4876431585292345,0.4959349593495934,0.2839471814975495
S100A16---Cluster1,0.6,0.5844155844155844,0.5902777777777778,0.5833333333333333,0.6284722222222222,0.750982570615453
S100A2,0.6,0.45175438596491224,0.45175438596491224,0.45175438596491224,0.5548245614035088,0.7835174322463606
S100A8,0.58,0.575,0.572463768115942,0.5716034271725826,0.4814814814814815,0.5675714840527688
SAA1,0.64,0.6376811594202898,0.6376811594202898,0.6376811594202898,0.5845410628019323,0.6220517505944894
SAA2,0.54,0.54,0.5400641025641025,0.5398159263705482,0.5096153846153846,0.5527186028251563
SCG5,0.48,0.47619047619047616,0.48000000000000004,0.45833333333333337,0.44239999999999996,0.4924280704233536
SELENBP1,0.6,0.5173611111111112,0.525,0.503968253968254,0.5625,0.8234587323115273
SEPT9---Cluster1,0.48,0.44791666666666663,0.44999999999999996,0.4482173174872665,0.505,0.6516476239380545
SERPINA1,0.56,0.4955436720142603,0.49523809523809526,0.494485294117647,0.5352380952380952,0.7395880061243318
SERPINA3,0.6,0.575,0.578125,0.5755517826825127,0.609375,0.7192675015156087
SERPINB1---Cluster1,0.76,0.6177156177156178,0.6368563685636857,0.625,0.7289972899728998,0.9352809738828214
SFRP1---Cluster3,0.54,0.538647342995169,0.5384615384615384,0.5383380168606985,0.5224358974358974,0.5120991353759684
SFRP2---Cluster2,0.48,0.44791666666666663,0.44999999999999996,0.4482173174872665,0.49916666666666665,0.4553179574207436
SFRP4---Cluster2,0.7,0.5478170478170479,0.5684523809523809,0.5479204339963833,0.5654761904761905,0.878932294781003
SH2D4A,0.7,0.5478170478170479,0.5684523809523809,0.5479204339963833,0.5654761904761905,0.8829659846705332
SH3BGRL3---Cluster1,0.5,0.49516908212560384,0.4951298701298701,0.4949494949494949,0.5340909090909092,0.6238368530265203
SH3TC2---Cluster2,0.74,0.5722610722610723,0.5922619047619048,0.5776478232618584,0.42261904761904756,0.7811362455403752
SHOX2---Cluster1,0.66,0.5207900207900208,0.525,0.5200451722190852,0.5175000000000001,0.774704908643528
SIGLEC7---Cluster1,0.62,0.5386029411764706,0.5436590436590437,0.5386109762020399,0.6361746361746361,0.8563775312126016
SIRPG,0.54,0.525,0.5246305418719212,0.5245969408846631,0.5607553366174056,0.6191233104303889
SIRT2---Cluster3,0.5,0.4967159277504105,0.4967948717948718,0.4949494949494949,0.46955128205128205,0.4808519726039265
SKAP2---Cluster1,0.56,0.5738539898132428,0.5700483091787439,0.5571658615136876,0.5322061191626408,0.5520764974081847
SLAMF1---Cluster1,0.56,0.46139705882352944,0.45394736842105265,0.4543650793650794,0.5679824561403509,0.8321820151900137
SLAMF7---Cluster1,0.6,0.6000000000000001,0.6026272577996716,0.5974235104669887,0.37274220032840716,0.39449952252002274
SLAMF8---Cluster1,0.6,0.5258467023172906,0.5301455301455301,0.5238095238095237,0.5883575883575883,0.8138935131495113
SLC10A4---Cluster1,0.48,0.47115384615384615,0.4642857142857143,0.44821731748726656,0.4345238095238096,0.7643616353956523
SLC11A1---Cluster1,0.66,0.5666666666666667,0.5767543859649122,0.5687468290208016,0.6798245614035089,0.878416323780971
SLC12A7---Cluster1,0.7,0.5478170478170479,0.5684523809523809,0.5479204339963833,0.6041666666666667,0.8860644798242673
SLC16A14,0.58,0.5138888888888888,0.5166320166320166,0.5091164095371669,0.3762993762993763,0.22288207074503258
SLC16A3---Cluster1,0.82,0.7410714285714286,0.6888111888111889,0.7076023391812866,0.7482517482517482,0.9150822980653115
SLC22A5,0.72,0.5803571428571428,0.5592105263157895,0.5625,0.5942982456140352,0.8520756956768243
SLC25A13---Cluster1,0.58,0.5138888888888888,0.5166320166320166,0.5091164095371669,0.38253638253638256,0.2544853125772002
SLC25A20,0.48,0.42784380305602715,0.419047619047619,0.4206773618538324,0.499047619047619,0.7133922169181772
SLC25A43,0.44,0.3923611111111111,0.3923611111111111,0.3923611111111111,0.623263888888889,0.7175922489537931
SLC29A1,0.7,0.513986013986014,0.5178571428571428,0.5126705653021443,0.5684523809523809,0.8953425805876576
SLC2A10,0.62,0.5407470288624787,0.5714285714285714,0.5180111618467783,0.6041666666666666,0.8808859215946877
SLC37A4---Cluster2,0.56,0.5240641711229946,0.5229202037351443,0.5225694444444444,0.5619694397283531,0.47558470746913817
SLC44A3---Cluster1,0.7,0.5977130977130978,0.6030701754385965,0.6000000000000001,0.6864035087719298,0.8884373071980185
SLC47A2,0.66,0.5207900207900208,0.525,0.5200451722190852,0.6699999999999999,0.8778602342040719
SLFN11,0.66,0.5207900207900208,0.525,0.5200451722190852,0.5449999999999999,0.8259337654211387
SLITRK4---Cluster1,0.66,0.49584199584199584,0.49404761904761907,0.4876431585292345,0.6607142857142857,0.8934772649537768
SLPI---Cluster1,0.7,0.6561969439728353,0.6825396825396826,0.66078697421981,0.7043650793650794,0.8589374200225837
SMO---Cluster1,0.7,0.5761904761904761,0.6190476190476191,0.5765104460756635,0.6666666666666667,0.9186718796553417
SMPD3---Cluster3,0.56,0.5383244206773619,0.535303776683087,0.533106960950764,0.528735632183908,0.4497363941288295
SNRPB---Cluster2,0.5,0.43582887700534756,0.4338235294117647,0.43464495703301675,0.6378676470588236,0.44008441546224875
SOCS2---Cluster4,0.5,0.5166666666666666,0.5164203612479474,0.49979991996798717,0.4729064039408867,0.42822792177176083
SOCS3---Cluster1,0.56,0.5475040257648953,0.5525846702317291,0.5416666666666667,0.4581105169340463,0.3629668096068352
SOX10---Cluster1,0.56,0.5438311688311689,0.546875,0.5416666666666667,0.46701388888888884,0.6281110571678523
SP100---Cluster1,0.68,0.575,0.5595238095238095,0.5614035087719298,0.5753968253968254,0.7796930517319891
SP110,0.5,0.4007352941176471,0.3877338877338877,0.3929091792132102,0.5530145530145529,0.28124605773888905
SP140---Cluster2,0.64,0.506578947368421,0.506578947368421,0.506578947368421,0.4100877192982456,0.6885967843488228
SP8---Cluster1,0.58,0.5800000000000001,0.5919117647058824,0.565936337329475,0.5716911764705882,0.6894036939684907
SPAG4,0.62,0.6022727272727273,0.6122994652406417,0.6006725514922238,0.6827094474153298,0.7537256671224066
SPATA6,0.64,0.6166666666666667,0.6215277777777778,0.6179966044142614,0.6675347222222222,0.7532371456093577
SPI1---Cluster1,0.6,0.5666666666666667,0.5735294117647058,0.5659722222222222,0.6727941176470589,0.8268103858532309
SPOCD1---Cluster2,0.64,0.5704099821746881,0.5821205821205822,0.5714285714285715,0.6694386694386695,0.8642899571979774
SPRY1---Cluster1,0.68,0.6527777777777778,0.6527777777777778,0.6527777777777778,0.6979166666666666,0.8005753488877276
SRGN---Cluster1,0.72,0.6162280701754386,0.6162280701754386,0.6162280701754386,0.7346491228070176,0.906276470561031
SRPX2---Cluster1,0.58,0.586038961038961,0.5853462157809983,0.5798319327731092,0.42512077294685985,0.5073279307460634
ST3GAL4---Cluster1,0.74,0.6011904761904762,0.6694352159468439,0.6081977094635322,0.7375415282392026,0.9408233592918765
STAP2,0.7,0.6118881118881119,0.5952380952380952,0.6000000000000001,0.623015873015873,0.8202379328326492
STK3---Cluster1,0.62,0.5815972222222222,0.5837789661319073,0.5824175824175825,0.4812834224598931,0.6299752034493911
STK32B---Cluster1,0.58,0.45955882352941174,0.44037940379403795,0.44,0.5799457994579946,0.31231279414758945
STX1B---Cluster2,0.68,0.5992647058823529,0.618421052631579,0.6031746031746031,0.6447368421052632,0.47807715460451594
STX3---Cluster2,0.64,0.6083333333333334,0.6194852941176471,0.609375,0.6268382352941176,0.8004134512335234
SYDE1---Cluster1,0.78,0.6904761904761905,0.75,0.7066666666666667,0.7275,0.9183149003747558
TBC1D1---Cluster1,0.58,0.5665584415584416,0.5696095076400679,0.565936337329475,0.44142614601018676,0.34981627794269976
TC2N---Cluster2,0.52,0.5233494363929146,0.5233494363929146,0.52,0.5040257648953301,0.5290629210600617
TFCP2L1,0.54,0.5271646859083192,0.525974025974026,0.5245969408846631,0.564935064935065,0.5098623002371818
TGFB2---Cluster1,0.74,0.49457994579945797,0.49242424242424243,0.4901960784313726,0.6098484848484849,0.9292504766097766
TGFBI---Cluster1,0.6,0.48571428571428577,0.4825174825174825,0.48024948024948017,0.5594405594405595,0.8457307268062443
THEM4---Cluster1,0.52,0.48047538200339557,0.47950089126559714,0.4791666666666667,0.4723707664884136,0.3248658934101672
TIPIN,0.7,0.5974264705882353,0.6436314363143631,0.6,0.6937669376693767,0.8954713022826676
TM4SF1,0.56,0.56,0.5603864734299517,0.5592948717948718,0.6119162640901771,0.6023776124189928
TMCO4,0.64,0.597623089983022,0.6095238095238096,0.5989304812834224,0.41904761904761906,0.6372801949657281
TMCO6---Cluster1,0.58,0.4246031746031746,0.3970189701897019,0.40711462450592883,0.28997289972899726,0.15167335776559637
TMED5---Cluster2,0.54,0.5225442834138486,0.5277777777777778,0.5066495066495067,0.5218253968253967,0.2879017841764081
TMEM106A,0.74,0.575,0.5813008130081301,0.5776478232618583,0.7615176151761518,0.9287858989836237
TMEM132D,0.64,0.6312399355877616,0.6383701188455009,0.6305418719211823,0.6179966044142614,0.7164059618342272
TMEM158,0.68,0.5827205882352942,0.6125,0.5841995841995842,0.595,0.8190681032624795
TMEM159,0.74,0.6916666666666667,0.7680652680652681,0.6961196820944368,0.8717948717948718,0.9640013766139052
TMEM168---Cluster1,0.64,0.5535714285714286,0.5535714285714286,0.5535714285714286,0.5158730158730158,0.3722711927837369
TMEM177---Cluster2,0.56,0.5142857142857142,0.5127334465195246,0.5098039215686274,0.5398981324278438,0.4788179644842363
TMEM51---Cluster1,0.62,0.4742063492063492,0.46476964769647694,0.463579898362507,0.6233062330623306,0.9065217172512016
TMEM71,0.7,0.6586452762923352,0.6636029411764706,0.66078697421981,0.6948529411764707,0.7706531579402371
TMSL3,0.58,0.46791443850267384,0.44642857142857145,0.44000000000000006,0.5029761904761905,0.834813412987387
TNFRSF10B---Cluster2,0.5,0.48051948051948057,0.47860962566844917,0.47456914670029426,0.5392156862745098,0.3660323402844234
TOM1L1---Cluster1,0.76,0.6177156177156178,0.6368563685636857,0.625,0.6856368563685636,0.9163646681312471
TPBG,0.64,0.5317460317460317,0.5350877192982456,0.5322245322245321,0.6293859649122807,0.8323293029171689
TPM4---Cluster2,0.72,0.6880570409982174,0.6880570409982174,0.6880570409982174,0.7272727272727273,0.7924559430890908
TRAF5,0.6,0.5755517826825127,0.5755517826825127,0.5755517826825127,0.3123938879456707,0.5132088918501819
TREM1,0.58,0.5525451559934318,0.5588235294117647,0.5495495495495496,0.65625,0.8161780905757202
TREM2---Cluster1,0.76,0.6761904761904762,0.7156177156177156,0.6881496881496882,0.7505827505827506,0.9095792876313075
TREML2,0.72,0.525,0.5297619047619048,0.5257452574525746,0.6398809523809523,0.8935967201480698
TRIM14,0.54,0.5384615384615384,0.538647342995169,0.5383380168606985,0.5104669887278583,0.48208306358404196
TRIM36---Cluster1,0.38,0.3776167471819646,0.3782051282051282,0.37775993576876754,0.391025641025641,0.4690701943623449
TRIM38,0.54,0.48039215686274506,0.4797794117647059,0.47987336047037543,0.4944852941176471,0.7050810164568451
TRIM59---Cluster1,0.6,0.4930555555555556,0.48484848484848486,0.45175438596491224,0.4507575757575758,0.8576107518610441
TRIP4---Cluster1,0.6,0.5697865353037767,0.5809523809523809,0.5659722222222222,0.6190476190476191,0.7791046858979597
TSPAN4---Cluster1,0.56,0.5383244206773619,0.535303776683087,0.533106960950764,0.561576354679803,0.687948353530552
TUFT1,0.6,0.5795454545454546,0.5900735294117647,0.5755517826825127,0.5772058823529411,0.7472555459453266
UCP2,0.64,0.48232848232848236,0.47696476964769646,0.47552447552447563,0.4850948509485095,0.8010497211379337
UPP1---Cluster1,0.66,0.49584199584199584,0.49404761904761907,0.4876431585292345,0.6130952380952381,0.9130815485899977
USP4---Cluster1,0.68,0.6298811544991512,0.659043659043659,0.6323529411764706,0.28898128898128894,0.6342626754892545
VIM,0.66,0.5625,0.5476190476190477,0.5466666666666666,0.45904761904761904,0.3233584276938027
VNN1---Cluster1,0.82,0.6333333333333333,0.5892857142857143,0.6021220159151194,0.6101190476190477,0.9086205596526614
WBSCR17,0.5,0.48051948051948057,0.47860962566844917,0.47456914670029426,0.447415329768271,0.3335567025857562
WDR76,0.58,0.46673596673596673,0.46825396825396826,0.4672754946727549,0.4801587301587302,0.3958761617196176
WEE1,0.64,0.5523809523809524,0.5571725571725572,0.5535714285714286,0.4906444906444906,0.7562429352369806
WFIKKN2---Cluster1,0.76,0.6625,0.6425438596491229,0.6503496503496503,0.8048245614035088,0.9093204801906387
XAF1,0.62,0.5386029411764706,0.5436590436590437,0.5386109762020399,0.6091476091476091,0.8074337609117155
YAP1---Cluster1,0.6,0.44988344988344986,0.4553014553014553,0.45175438596491235,0.3742203742203742,0.23529103282469255
YIF1B---Cluster2,0.56,0.555008210180624,0.5539452495974235,0.5535714285714286,0.5692431561996779,0.5564667151751129
ZAK---Cluster1,0.86,0.7411924119241193,0.7648809523809523,0.7519489723600283,0.8303571428571428,0.9633954344663614
ZC3HAV1L---Cluster2,0.66,0.5666666666666667,0.5767543859649122,0.5687468290208016,0.6600877192982456,0.8698291812703332
ZDHHC12---Cluster1,0.8,0.5333333333333333,0.5249169435215947,0.5265151515151515,0.48172757475083067,0.8522914734866537
ZIC1---Cluster1,0.56,0.5539452495974235,0.555008210180624,0.5535714285714286,0.5845648604269293,0.5242065639068973
ZIC3,0.58,0.5714285714285714,0.5722495894909688,0.5716034271725827,0.29885057471264365,0.5054741872221369
ZSCAN12---Cluster1,0.64,0.6274509803921569,0.6174055829228242,0.6179966044142614,0.5172413793103449,0.5810440067695783
